lh.aparc.volume	lh_bankssts_volume	lh_caudalanteriorcingulate_volume	lh_caudalmiddlefrontal_volume	lh_cuneus_volume	lh_entorhinal_volume	lh_fusiform_volume	lh_inferiorparietal_volume	lh_inferiortemporal_volume	lh_isthmuscingulate_volume	lh_lateraloccipital_volume	lh_lateralorbitofrontal_volume	lh_lingual_volume	lh_medialorbitofrontal_volume	lh_middletemporal_volume	lh_parahippocampal_volume	lh_paracentral_volume	lh_parsopercularis_volume	lh_parsorbitalis_volume	lh_parstriangularis_volume	lh_pericalcarine_volume	lh_postcentral_volume	lh_posteriorcingulate_volume	lh_precentral_volume	lh_precuneus_volume	lh_rostralanteriorcingulate_volume	lh_rostralmiddlefrontal_volume	lh_superiorfrontal_volume	lh_superiorparietal_volume	lh_superiortemporal_volume	lh_supramarginal_volume	lh_frontalpole_volume	lh_temporalpole_volume	lh_transversetemporal_volume	lh_insula_volume	BrainSegVolNotVent	eTIV
sub-season101	2017.0	1324.0	6619.0	3320.0	1891.0	8855.0	9053.0	10212.0	3304.0	12116.0	7911.0	7132.0	4572.0	10892.0	1769.0	2821.0	5090.0	2627.0	4796.0	2068.0	11068.0	2880.0	13219.0	10585.0	2240.0	17719.0	25017.0	13675.0	11758.0	12067.0	1111.0	2453.0	1465.0	7579.0	1592925.0	1412166.900513
sub-season102	3029.0	2446.0	7846.0	3922.0	2002.0	11209.0	14174.0	12052.0	3039.0	14751.0	9074.0	8350.0	5927.0	13412.0	2040.0	4367.0	7584.0	3684.0	6090.0	2562.0	10091.0	3883.0	16685.0	12519.0	2923.0	20055.0	26890.0	17391.0	14776.0	12892.0	1345.0	2558.0	1746.0	8280.0	2019190.0	1836734.352672
sub-season103	2326.0	1617.0	7295.0	2278.0	1706.0	8006.0	11736.0	8531.0	2917.0	10524.0	7698.0	6928.0	4822.0	11233.0	2058.0	3797.0	5918.0	2578.0	4209.0	1522.0	9326.0	3020.0	16226.0	8892.0	2956.0	17381.0	25428.0	14005.0	12229.0	13572.0	1287.0	2955.0	1239.0	7088.0	1604558.0	1443544.19585
sub-season104	2640.0	1887.0	5670.0	3900.0	2542.0	11198.0	13683.0	11307.0	2279.0	14501.0	8405.0	8020.0	5324.0	12603.0	2565.0	3817.0	5733.0	3282.0	3808.0	1975.0	9139.0	2543.0	14176.0	11603.0	2596.0	18994.0	27121.0	17295.0	15000.0	11452.0	1740.0	3558.0	1722.0	8083.0	1745081.0	1582548.662703
sub-season105	2998.0	1570.0	4918.0	2744.0	1802.0	10220.0	12215.0	12460.0	2686.0	10543.0	7627.0	7057.0	4481.0	11219.0	1961.0	3795.0	4907.0	2839.0	4404.0	1976.0	8949.0	2446.0	14333.0	11105.0	1794.0	17144.0	28110.0	17485.0	13910.0	17086.0	1640.0	2684.0	1669.0	8285.0	1643021.0	1563538.009266
sub-season106	2088.0	2184.0	7678.0	2533.0	2208.0	11009.0	12723.0	9941.0	2402.0	11583.0	8770.0	6958.0	5208.0	11019.0	2084.0	4496.0	5210.0	2524.0	4390.0	1816.0	10726.0	4103.0	13605.0	9398.0	2687.0	16904.0	23196.0	14239.0	12606.0	10209.0	1215.0	2500.0	1324.0	7633.0	1624831.0	1482952.883913
sub-season107	3265.0	1941.0	5798.0	3444.0	2247.0	9580.0	14445.0	10839.0	2751.0	11466.0	8897.0	7282.0	5643.0	11633.0	2138.0	4097.0	5461.0	2807.0	3976.0	2371.0	10401.0	4015.0	13726.0	9725.0	3014.0	18277.0	28538.0	11438.0	13903.0	12248.0	1328.0	2925.0	1117.0	8828.0	1762574.0	1540944.436115
sub-season108	2009.0	1407.0	8524.0	3225.0	1813.0	8448.0	13071.0	10741.0	2818.0	11541.0	8390.0	7828.0	6125.0	12034.0	2528.0	3776.0	4570.0	2321.0	4306.0	2230.0	9252.0	2945.0	13507.0	8682.0	2451.0	17810.0	27262.0	12787.0	11389.0	8851.0	1744.0	3381.0	1681.0	7787.0	1608348.0	1453691.045969
sub-season109	2881.0	2553.0	9422.0	4159.0	2022.0	11704.0	17954.0	16027.0	3765.0	18996.0	10190.0	8855.0	6349.0	17941.0	2245.0	3610.0	7096.0	3720.0	5093.0	2798.0	13007.0	4458.0	19017.0	12816.0	3113.0	20589.0	30206.0	15026.0	16665.0	15048.0	1449.0	2616.0	1834.0	9098.0	2116975.0	1949204.264928
sub-season110	3468.0	1768.0	8642.0	2893.0	2004.0	10184.0	13032.0	11220.0	3359.0	12071.0	7451.0	7445.0	5859.0	12011.0	2062.0	4221.0	5328.0	3076.0	3064.0	2560.0	10174.0	3470.0	14338.0	14013.0	3626.0	18191.0	28275.0	17287.0	13954.0	13071.0	1307.0	3270.0	1507.0	7398.0	1728574.0	1545647.495434
sub-season111	2841.0	1885.0	6935.0	3723.0	2776.0	11622.0	11989.0	11273.0	2868.0	12964.0	8581.0	7520.0	4402.0	13530.0	2812.0	4160.0	5481.0	2796.0	3860.0	3209.0	12080.0	3390.0	16847.0	10974.0	2899.0	17198.0	27871.0	14213.0	13367.0	14242.0	1096.0	3003.0	1588.0	8120.0	1887219.0	1820797.057342
sub-season112	2274.0	1656.0	7950.0	3808.0	2518.0	10830.0	12795.0	14314.0	3057.0	12859.0	9243.0	7564.0	5451.0	12679.0	2519.0	4166.0	6569.0	2593.0	3324.0	2506.0	13187.0	3342.0	19561.0	11951.0	3449.0	18687.0	27565.0	15954.0	15512.0	12203.0	1101.0	3294.0	1554.0	8241.0	1986596.0	1855650.512396
sub-season114	3066.0	1352.0	5597.0	2495.0	1700.0	10564.0	13211.0	10068.0	2685.0	11570.0	6729.0	5792.0	5666.0	12513.0	1962.0	3952.0	4981.0	2270.0	3228.0	1234.0	9150.0	3471.0	14736.0	10264.0	1029.0	14429.0	29044.0	14101.0	12783.0	11726.0	1548.0	3812.0	1279.0	7239.0	1589934.0	1453974.037606
sub-season116	2871.0	1745.0	7807.0	3481.0	1793.0	11632.0	11922.0	11217.0	2726.0	12429.0	8004.0	6924.0	5345.0	13992.0	1805.0	3735.0	5864.0	3043.0	4599.0	2526.0	9941.0	3943.0	14981.0	10272.0	2948.0	19062.0	29175.0	13847.0	14669.0	14177.0	1334.0	2588.0	1506.0	8162.0	1864222.0	1656987.75507
sub-season117	2507.0	2068.0	6402.0	2959.0	3007.0	9472.0	12319.0	17801.0	2391.0	14326.0	8871.0	7313.0	4958.0	11058.0	3154.0	4741.0	4584.0	2777.0	4377.0	1969.0	8696.0	5008.0	17180.0	11502.0	4339.0	21038.0	29097.0	15103.0	14088.0	11687.0	1015.0	3420.0	1284.0	8890.0	2004035.0	1887383.587011
sub-season119	2700.0	2043.0	5570.0	3722.0	2773.0	11344.0	16598.0	12642.0	2450.0	14350.0	8744.0	6007.0	6492.0	12784.0	2093.0	4248.0	4774.0	2231.0	3738.0	2333.0	9921.0	3552.0	14440.0	11496.0	2439.0	15353.0	26728.0	14369.0	12801.0	11818.0	1626.0	3290.0	1452.0	8052.0	1696676.0	1569429.750095
sub-season120	2317.0	1689.0	7479.0	3411.0	1382.0	9803.0	12260.0	13354.0	2918.0	14864.0	9675.0	6328.0	5296.0	13424.0	2189.0	4318.0	4845.0	3159.0	5110.0	1544.0	10443.0	2823.0	15896.0	10347.0	3043.0	19656.0	32524.0	15407.0	13980.0	12973.0	1040.0	2210.0	1595.0	7976.0	1847717.0	1664683.598266
sub-season121	3751.0	2313.0	7534.0	4863.0	2317.0	10928.0	18252.0	14939.0	4586.0	17038.0	9732.0	9483.0	6174.0	12961.0	2946.0	3766.0	5303.0	3810.0	4795.0	3065.0	13929.0	3873.0	19470.0	12374.0	2801.0	18770.0	29207.0	17395.0	13764.0	12957.0	1333.0	2794.0	1426.0	9623.0	2008369.0	1897894.403667
sub-season122	2901.0	1771.0	8529.0	3321.0	2218.0	9076.0	13661.0	14885.0	3181.0	12383.0	9514.0	7381.0	5390.0	12602.0	2283.0	4323.0	6432.0	2541.0	5049.0	2171.0	11950.0	4660.0	15809.0	13253.0	3803.0	20218.0	33533.0	17065.0	13488.0	14546.0	1460.0	2328.0	1785.0	8938.0	1880815.0	1805189.790401
sub-season123	2750.0	1462.0	8458.0	3838.0	1858.0	9844.0	13251.0	12825.0	3792.0	14929.0	9564.0	8904.0	7282.0	15259.0	2163.0	4621.0	7874.0	3228.0	5878.0	2841.0	9997.0	2967.0	16771.0	11868.0	4733.0	18639.0	28525.0	15426.0	19390.0	15095.0	1276.0	2963.0	1788.0	9113.0	2039640.0	1849012.463256
sub-season124	3174.0	1251.0	4314.0	4067.0	2514.0	12103.0	16114.0	12073.0	2652.0	17814.0	8490.0	7033.0	6202.0	12655.0	2339.0	3693.0	4337.0	3078.0	4199.0	1974.0	9660.0	3119.0	13784.0	11320.0	1265.0	18948.0	25624.0	15583.0	15650.0	11616.0	1652.0	3413.0	1637.0	8625.0	1783291.0	1690958.095541
sub-season125	2865.0	1988.0	8664.0	3839.0	2178.0	11288.0	15407.0	13606.0	2316.0	16149.0	8507.0	8088.0	5925.0	11232.0	2399.0	4445.0	6283.0	3211.0	4832.0	2105.0	11416.0	4063.0	16125.0	12316.0	3187.0	17548.0	28308.0	13071.0	16781.0	11467.0	1456.0	2995.0	1595.0	7916.0	1824819.0	1602272.803847
sub-season126	2440.0	1837.0	7436.0	3216.0	2103.0	10521.0	11823.0	11913.0	2376.0	13230.0	8402.0	8285.0	5857.0	11133.0	1702.0	4181.0	4221.0	2425.0	4054.0	2258.0	10575.0	3390.0	15883.0	11327.0	2367.0	18634.0	25409.0	13484.0	13840.0	12758.0	1386.0	2850.0	1494.0	8312.0	1753096.0	1661498.478944
sub-season127	2791.0	2573.0	6664.0	3856.0	2212.0	11460.0	14798.0	13699.0	3020.0	14514.0	9139.0	8446.0	4428.0	12934.0	1973.0	4258.0	7001.0	3213.0	4875.0	2763.0	11638.0	4479.0	16756.0	10651.0	3909.0	19202.0	27035.0	14265.0	14105.0	13179.0	1555.0	4029.0	1887.0	8672.0	1909443.0	1783880.913517
sub-season128	2252.0	2627.0	6423.0	3672.0	2537.0	10929.0	10386.0	11309.0	2910.0	12002.0	8527.0	7963.0	4814.0	10229.0	2171.0	3914.0	5550.0	2463.0	6078.0	2562.0	13504.0	2962.0	14451.0	10834.0	2857.0	16177.0	21363.0	15673.0	11792.0	12975.0	1192.0	3278.0	1524.0	9386.0	1696295.0	1630717.95911
sub-season129	3408.0	1685.0	6435.0	3292.0	1686.0	8865.0	13448.0	11053.0	2584.0	14238.0	9023.0	6550.0	5699.0	12409.0	2150.0	4135.0	5112.0	3373.0	4106.0	2354.0	10741.0	3730.0	13200.0	9657.0	2437.0	15891.0	25056.0	11065.0	12835.0	12155.0	1476.0	3131.0	1576.0	7302.0	1647904.0	1503300.398544
sub-season130	2876.0	1844.0	6289.0	3819.0	2985.0	10246.0	14117.0	12071.0	2746.0	14760.0	9106.0	7624.0	6229.0	13507.0	2107.0	4390.0	5845.0	3736.0	4354.0	2391.0	9915.0	3370.0	14544.0	11733.0	2147.0	17574.0	24812.0	14865.0	15356.0	11013.0	1691.0	3873.0	1549.0	9289.0	1757452.0	1536729.309148
sub-season131	3307.0	1527.0	9678.0	2860.0	2436.0	11999.0	15226.0	13339.0	2903.0	13583.0	9591.0	7718.0	6586.0	13589.0	2284.0	3997.0	6184.0	2480.0	3625.0	2143.0	9685.0	3142.0	16260.0	10676.0	2843.0	16778.0	27126.0	11929.0	15484.0	13199.0	1217.0	2365.0	1138.0	7992.0	1921984.0	1770893.529474
sub-season132	1939.0	1269.0	6517.0	3817.0	1997.0	8785.0	10658.0	9154.0	1860.0	12330.0	7192.0	7203.0	4610.0	9222.0	1498.0	3265.0	5015.0	2224.0	3906.0	2094.0	8885.0	2303.0	13174.0	10276.0	1592.0	15446.0	23105.0	14252.0	11952.0	10398.0	1574.0	2741.0	1777.0	7199.0	1452157.0	1439867.91904
sub-season133	2558.0	1668.0	6503.0	3442.0	1969.0	9938.0	11931.0	7987.0	2768.0	14004.0	8502.0	6691.0	5346.0	11068.0	1747.0	4262.0	6086.0	2987.0	4713.0	2192.0	11243.0	3076.0	15558.0	11018.0	2441.0	16204.0	27398.0	12193.0	13456.0	11364.0	1350.0	2787.0	1610.0	8442.0	1700360.0	1525489.052102
sub-season134	3443.0	1387.0	8445.0	3408.0	4092.0	12132.0	15399.0	13321.0	3569.0	13275.0	11375.0	8398.0	5798.0	14410.0	2848.0	4595.0	8449.0	4070.0	5139.0	2638.0	13181.0	3421.0	17671.0	10688.0	3272.0	17682.0	31066.0	15614.0	15606.0	15479.0	1362.0	3907.0	2188.0	9307.0	1911721.0	1823397.722049
sub-season135	3018.0	1304.0	6773.0	3268.0	2306.0	10019.0	12845.0	10969.0	2259.0	13115.0	9267.0	5350.0	5439.0	10781.0	2128.0	4121.0	7066.0	3201.0	5160.0	1895.0	9827.0	2963.0	13913.0	12677.0	2586.0	15224.0	23595.0	16285.0	14159.0	11997.0	1440.0	3247.0	1774.0	7958.0	1745319.0	1610476.458085
sub-season136	2553.0	1388.0	5866.0	2677.0	2004.0	9807.0	11806.0	11062.0	2258.0	12741.0	7662.0	4840.0	5147.0	12082.0	2471.0	3797.0	4997.0	2816.0	4431.0	1552.0	8893.0	2863.0	12542.0	9788.0	1937.0	14806.0	24252.0	14566.0	11896.0	10905.0	1359.0	2874.0	1044.0	7546.0	1513888.0	1035253.679693
sub-season137	1954.0	1903.0	4724.0	4196.0	1602.0	10808.0	12000.0	11465.0	2622.0	14459.0	8220.0	8072.0	5912.0	11028.0	2128.0	3721.0	5086.0	2755.0	4169.0	2699.0	8978.0	3178.0	14243.0	11339.0	2576.0	13787.0	26364.0	14079.0	12551.0	11875.0	1601.0	2948.0	1473.0	8161.0	1685920.0	1477723.11448
sub-season138	2877.0	1768.0	7493.0	3270.0	1911.0	10174.0	11570.0	13429.0	2639.0	11408.0	7783.0	6320.0	4982.0	12336.0	2203.0	3520.0	6996.0	3231.0	5670.0	1686.0	9286.0	3530.0	13341.0	10719.0	2118.0	14750.0	23472.0	13753.0	15143.0	11448.0	1311.0	2733.0	1152.0	7975.0	1628419.0	1579182.412506
sub-season139	2311.0	2428.0	6716.0	2684.0	3095.0	8862.0	10935.0	12312.0	2779.0	11834.0	7595.0	7391.0	5062.0	11217.0	2341.0	3355.0	4720.0	2361.0	3728.0	1696.0	9031.0	2896.0	13897.0	9993.0	2900.0	17084.0	27696.0	15550.0	13438.0	16941.0	1395.0	2957.0	1458.0	9072.0	1786268.0	1746086.487966
sub-season202	2488.0	3265.0	9692.0	2749.0	4581.0	12287.0	14749.0	14812.0	4276.0	13916.0	11740.0	7101.0	6551.0	13161.0	3085.0	4508.0	6577.0	3767.0	5350.0	2046.0	14339.0	4801.0	16179.0	13401.0	4516.0	20907.0	30442.0	16145.0	16816.0	16472.0	1193.0	2740.0	1618.0	10278.0	2095322.0	1918579.22066
sub-season204	1628.0	2399.0	7314.0	3915.0	2090.0	8865.0	11915.0	9901.0	2861.0	11464.0	9432.0	7798.0	5767.0	11038.0	1995.0	4232.0	4834.0	2977.0	4311.0	2195.0	10371.0	3774.0	14263.0	12736.0	2975.0	16923.0	26794.0	14293.0	13903.0	14721.0	1306.0	3034.0	1925.0	9526.0	1719575.0	1568138.208178
sub-season206	2826.0	1490.0	5026.0	2523.0	2103.0	9923.0	13284.0	10139.0	2446.0	10655.0	6508.0	5169.0	5063.0	10825.0	2414.0	3655.0	4452.0	2279.0	3544.0	1560.0	9468.0	2952.0	13504.0	9422.0	1833.0	13992.0	23940.0	12648.0	11442.0	12710.0	1561.0	3608.0	1236.0	7858.0	1487934.0	1382261.885581
sub-season207	3038.0	1779.0	7058.0	2319.0	2142.0	11563.0	15882.0	11409.0	2832.0	13694.0	8937.0	6585.0	5661.0	13942.0	2312.0	4075.0	5867.0	2701.0	5130.0	2339.0	8541.0	3860.0	15433.0	12100.0	2984.0	19554.0	29153.0	16061.0	15465.0	13577.0	1051.0	2264.0	1845.0	8336.0	1919834.0	1640301.685756
sub-season208	2484.0	1659.0	5845.0	3001.0	2241.0	10698.0	10101.0	9668.0	2888.0	11679.0	8688.0	6935.0	5590.0	12376.0	2165.0	3920.0	4899.0	2759.0	5439.0	2248.0	9771.0	4365.0	14395.0	10111.0	2483.0	16183.0	27835.0	13169.0	12866.0	12658.0	1898.0	3698.0	1732.0	7653.0	1633149.0	1505901.552608
sub-season211	1704.0	1120.0	6654.0	3790.0	2108.0	9581.0	10697.0	8882.0	2285.0	13224.0	7122.0	6396.0	5808.0	10140.0	2280.0	4182.0	5098.0	2313.0	4191.0	1957.0	9276.0	2754.0	13813.0	9739.0	1537.0	13937.0	24987.0	15234.0	10328.0	9595.0	1437.0	2921.0	1547.0	6607.0	1540490.0	1299692.665252
sub-season212	2435.0	2191.0	6693.0	3080.0	1777.0	9144.0	10662.0	9615.0	2598.0	10840.0	8529.0	6176.0	4302.0	10335.0	1807.0	3830.0	3951.0	2701.0	3419.0	1861.0	9660.0	3167.0	14263.0	9151.0	3010.0	14551.0	23726.0	12354.0	12196.0	11532.0	1471.0	2893.0	1414.0	6603.0	1575179.0	1434554.310664
sub-season213	2730.0	2415.0	7765.0	4377.0	2150.0	12798.0	15682.0	16021.0	3463.0	18133.0	9176.0	8933.0	4810.0	12562.0	1908.0	4539.0	7398.0	3029.0	5184.0	3390.0	11189.0	5044.0	16896.0	13041.0	3782.0	21419.0	28862.0	16257.0	16969.0	13842.0	1242.0	2650.0	1691.0	8821.0	2024520.0	1826968.556586
sub-season214	2334.0	2812.0	7233.0	3018.0	1767.0	9961.0	13212.0	10646.0	2036.0	14967.0	9560.0	6473.0	4927.0	13169.0	2265.0	5353.0	5367.0	3347.0	4758.0	2035.0	10661.0	2929.0	14349.0	10856.0	2921.0	19978.0	29842.0	16758.0	14632.0	14978.0	1602.0	2736.0	1527.0	8865.0	1769868.0	1559496.726243
sub-season215	3079.0	1688.0	7240.0	3445.0	2324.0	11705.0	13157.0	13055.0	3969.0	16468.0	9832.0	7883.0	6311.0	17005.0	1782.0	3701.0	6207.0	2862.0	5590.0	2630.0	11306.0	4421.0	14904.0	9234.0	2641.0	22735.0	29997.0	14481.0	15678.0	16593.0	1333.0	2195.0	1638.0	8521.0	1993619.0	1891248.65278
sub-season216	2332.0	2124.0	6684.0	3248.0	2223.0	8538.0	11642.0	8091.0	2222.0	12317.0	8145.0	8058.0	4763.0	10293.0	2313.0	4683.0	4639.0	2481.0	4144.0	2072.0	8967.0	3691.0	14192.0	8316.0	2944.0	14930.0	24723.0	12849.0	12462.0	9476.0	1049.0	2230.0	1397.0	7175.0	1682732.0	1571693.261147
sub-season217	2911.0	1616.0	6637.0	3056.0	2403.0	8728.0	10569.0	11438.0	2229.0	10491.0	6941.0	6396.0	5694.0	10363.0	1654.0	3265.0	4618.0	2098.0	3712.0	2497.0	8500.0	3694.0	13678.0	8485.0	2504.0	13675.0	23900.0	11297.0	13493.0	10456.0	1441.0	3175.0	1272.0	7581.0	1587034.0	1510038.192549
