rh.aparc.area	rh_bankssts_area	rh_caudalanteriorcingulate_area	rh_caudalmiddlefrontal_area	rh_cuneus_area	rh_entorhinal_area	rh_fusiform_area	rh_inferiorparietal_area	rh_inferiortemporal_area	rh_isthmuscingulate_area	rh_lateraloccipital_area	rh_lateralorbitofrontal_area	rh_lingual_area	rh_medialorbitofrontal_area	rh_middletemporal_area	rh_parahippocampal_area	rh_paracentral_area	rh_parsopercularis_area	rh_parsorbitalis_area	rh_parstriangularis_area	rh_pericalcarine_area	rh_postcentral_area	rh_posteriorcingulate_area	rh_precentral_area	rh_precuneus_area	rh_rostralanteriorcingulate_area	rh_rostralmiddlefrontal_area	rh_superiorfrontal_area	rh_superiorparietal_area	rh_superiortemporal_area	rh_supramarginal_area	rh_frontalpole_area	rh_temporalpole_area	rh_transversetemporal_area	rh_insula_area	rh_WhiteSurfArea_area	BrainSegVolNotVent	eTIV
sub-season101	818.0	655.0	2185.0	1471.0	349.0	2809.0	4272.0	2988.0	720.0	5059.0	2308.0	2853.0	2049.0	3277.0	607.0	1584.0	1247.0	915.0	1625.0	1352.0	4496.0	1098.0	4349.0	3991.0	365.0	6102.0	6826.0	4648.0	3386.0	3768.0	485.0	557.0	397.0	2084.0	81686.5	1592925.0	1412166.900513
sub-season102	917.0	699.0	2444.0	1693.0	404.0	3292.0	6222.0	3267.0	984.0	5298.0	2710.0	3250.0	1907.0	3888.0	679.0	1710.0	1799.0	1085.0	1908.0	1678.0	3662.0	1295.0	4959.0	4593.0	532.0	6895.0	7767.0	6229.0	4308.0	4221.0	350.0	488.0	473.0	2645.0	94245.5	2019190.0	1836734.352672
sub-season103	786.0	784.0	2516.0	1191.0	326.0	2616.0	4955.0	2643.0	900.0	4351.0	2423.0	2306.0	1696.0	2888.0	517.0	1202.0	1426.0	721.0	1359.0	968.0	3349.0	1013.0	5197.0	3330.0	437.0	4957.0	7104.0	5224.0	3128.0	3089.0	317.0	432.0	324.0	1869.0	76341.8	1604558.0	1443544.19585
sub-season104	946.0	754.0	1812.0	1719.0	351.0	2799.0	5266.0	2983.0	829.0	5357.0	2203.0	3311.0	1880.0	3448.0	603.0	1372.0	1226.0	965.0	1344.0	1275.0	3467.0	1006.0	4296.0	3722.0	563.0	5323.0	6706.0	4835.0	3488.0	3535.0	363.0	515.0	337.0	2359.0	80834.6	1745081.0	1582548.662703
sub-season105	1056.0	549.0	1665.0	1326.0	391.0	2977.0	5188.0	2821.0	671.0	4284.0	1925.0	3133.0	1527.0	3288.0	688.0	1673.0	1475.0	726.0	1229.0	1430.0	3612.0	941.0	4785.0	3839.0	528.0	5346.0	7087.0	5881.0	4328.0	4586.0	374.0	530.0	439.0	2409.0	82704.9	1643021.0	1563538.009266
sub-season106	831.0	731.0	2058.0	1407.0	469.0	2934.0	5369.0	3154.0	897.0	4154.0	2676.0	2825.0	1822.0	3274.0	524.0	1430.0	1449.0	815.0	1607.0	1190.0	3782.0	977.0	4267.0	3636.0	778.0	5913.0	6351.0	5304.0	3287.0	3523.0	351.0	626.0	341.0	1990.0	80722.7	1624831.0	1482952.883913
sub-season107	897.0	741.0	2093.0	1388.0	503.0	2852.0	5542.0	3136.0	861.0	4499.0	2444.0	2969.0	1829.0	3184.0	540.0	1527.0	1429.0	930.0	1541.0	1260.0	4115.0	1203.0	4601.0	3835.0	678.0	5798.0	7562.0	4726.0	3614.0	3871.0	359.0	475.0	347.0	2870.0	84213.5	1762574.0	1540944.436115
sub-season108	860.0	560.0	2382.0	1471.0	421.0	2467.0	5607.0	2983.0	947.0	5137.0	2378.0	3091.0	1933.0	3390.0	501.0	1427.0	1204.0	756.0	1339.0	1421.0	3530.0	958.0	4391.0	3538.0	353.0	5834.0	7238.0	5288.0	3247.0	2647.0	562.0	666.0	363.0	2184.0	80934.5	1608348.0	1453691.045969
sub-season109	1092.0	700.0	2836.0	1986.0	317.0	3052.0	7532.0	4054.0	1035.0	5633.0	2658.0	3463.0	2200.0	5197.0	896.0	1516.0	1854.0	1024.0	2080.0	1666.0	4249.0	1202.0	5148.0	4549.0	522.0	6877.0	6998.0	5144.0	4080.0	3708.0	331.0	524.0	331.0	3243.0	97676.4	2116975.0	1949204.264928
sub-season110	922.0	732.0	2406.0	1475.0	393.0	2810.0	5717.0	2946.0	890.0	5284.0	2012.0	3088.0	1649.0	3295.0	565.0	1461.0	1310.0	716.0	1386.0	1661.0	3561.0	1184.0	4750.0	4337.0	389.0	5537.0	7546.0	5700.0	3555.0	3624.0	439.0	508.0	400.0	2218.0	84463.1	1728574.0	1545647.495434
sub-season111	1063.0	879.0	2174.0	1594.0	599.0	3290.0	5247.0	3641.0	1020.0	4534.0	2337.0	3126.0	1932.0	3622.0	556.0	1743.0	1335.0	826.0	1575.0	1680.0	4388.0	1317.0	5415.0	4585.0	617.0	5886.0	6972.0	5882.0	3671.0	3981.0	328.0	481.0	327.0	2807.0	89427.7	1887219.0	1820797.057342
sub-season112	1084.0	992.0	3138.0	1625.0	543.0	2914.0	6615.0	4295.0	998.0	5124.0	2609.0	3701.0	1984.0	4031.0	644.0	1600.0	1542.0	1107.0	1842.0	1729.0	4829.0	1378.0	6144.0	4740.0	747.0	6613.0	7624.0	6474.0	4133.0	4355.0	370.0	653.0	422.0	2586.0	99177.4	1986596.0	1855650.512396
sub-season114	958.0	533.0	1749.0	1392.0	281.0	2632.0	5592.0	2453.0	676.0	4830.0	2034.0	2439.0	1718.0	3112.0	488.0	1471.0	1311.0	696.0	1101.0	954.0	3534.0	1032.0	4847.0	3718.0	433.0	4700.0	6922.0	4890.0	3115.0	3230.0	333.0	446.0	295.0	1770.0	75672.5	1589934.0	1453974.037606
sub-season116	1032.0	471.0	2197.0	1833.0	384.0	2976.0	6440.0	2686.0	1070.0	4801.0	2393.0	3521.0	1954.0	3723.0	599.0	1371.0	1629.0	817.0	1875.0	2049.0	4399.0	1210.0	4655.0	4013.0	447.0	6375.0	8034.0	5166.0	3763.0	3429.0	351.0	505.0	312.0	2483.0	88949.6	1864222.0	1656987.75507
sub-season117	999.0	871.0	2088.0	1322.0	603.0	2995.0	5222.0	3772.0	812.0	5444.0	2848.0	2806.0	1954.0	3223.0	648.0	2223.0	1365.0	1009.0	1585.0	1163.0	4304.0	1449.0	5729.0	4057.0	619.0	6668.0	8393.0	5614.0	4259.0	4368.0	461.0	756.0	414.0	2327.0	92356.1	2004035.0	1887383.587011
sub-season119	1024.0	655.0	2133.0	1412.0	471.0	2759.0	5350.0	3366.0	749.0	4884.0	2681.0	2604.0	2036.0	3492.0	573.0	1591.0	1209.0	752.0	1206.0	1303.0	3623.0	1094.0	4185.0	3647.0	405.0	5309.0	6667.0	4830.0	3621.0	3811.0	380.0	580.0	327.0	2154.0	80878.7	1696676.0	1569429.750095
sub-season120	830.0	717.0	2448.0	1489.0	403.0	3072.0	4906.0	3071.0	669.0	5162.0	2466.0	2628.0	1835.0	3006.0	694.0	1608.0	1482.0	873.0	1370.0	1165.0	3930.0	1034.0	5352.0	3538.0	580.0	7169.0	8383.0	5857.0	3702.0	3620.0	481.0	554.0	403.0	2164.0	86654.4	1847717.0	1664683.598266
sub-season121	1142.0	706.0	2426.0	2157.0	508.0	3340.0	7462.0	3309.0	1401.0	7979.0	2592.0	3896.0	1764.0	3635.0	682.0	1578.0	1162.0	915.0	1252.0	2166.0	5033.0	1223.0	6551.0	4843.0	607.0	6444.0	7942.0	6131.0	3642.0	3561.0	310.0	471.0	387.0	2738.0	99739.5	2008369.0	1897894.403667
sub-season122	850.0	860.0	1948.0	1695.0	466.0	3200.0	5297.0	2945.0	923.0	5030.0	3042.0	3117.0	2297.0	3389.0	815.0	1696.0	1757.0	869.0	1560.0	1481.0	4314.0	1324.0	4857.0	4867.0	737.0	7264.0	7835.0	6459.0	3978.0	3758.0	437.0	553.0	432.0	2210.0	92244.5	1880815.0	1805189.790401
sub-season123	1028.0	735.0	2343.0	1942.0	361.0	3598.0	5280.0	3363.0	1138.0	5195.0	2799.0	4063.0	2220.0	4266.0	799.0	1602.0	1913.0	1086.0	1961.0	1856.0	4238.0	1359.0	4845.0	4871.0	554.0	7941.0	8423.0	6133.0	4840.0	4087.0	397.0	515.0	477.0	3265.0	99479.1	2039640.0	1849012.463256
sub-season124	944.0	591.0	1608.0	1335.0	511.0	3087.0	6379.0	3125.0	778.0	5731.0	2175.0	2939.0	1764.0	3469.0	527.0	1511.0	1031.0	968.0	1440.0	1286.0	3694.0	876.0	4134.0	3710.0	550.0	5918.0	5901.0	5386.0	3533.0	3177.0	405.0	533.0	371.0	2242.0	81623.0	1783291.0	1690958.095541
sub-season125	894.0	618.0	2058.0	1514.0	368.0	3234.0	5643.0	3157.0	767.0	5370.0	2205.0	3384.0	2089.0	3717.0	661.0	1687.0	1394.0	816.0	1621.0	1385.0	3905.0	1124.0	4441.0	4594.0	440.0	6640.0	7046.0	5550.0	3971.0	3451.0	397.0	615.0	404.0	2499.0	87530.4	1824819.0	1602272.803847
sub-season126	1075.0	633.0	2121.0	1621.0	361.0	2771.0	5518.0	3392.0	832.0	4503.0	2820.0	3337.0	2005.0	3481.0	618.0	1660.0	1159.0	981.0	1203.0	1616.0	4330.0	1076.0	5478.0	4275.0	491.0	6408.0	6973.0	5113.0	3398.0	3781.0	494.0	652.0	349.0	2017.0	86424.1	1753096.0	1661498.478944
sub-season127	949.0	744.0	2074.0	1776.0	356.0	3253.0	5802.0	3560.0	863.0	5426.0	2472.0	3645.0	2047.0	3999.0	624.0	1559.0	1380.0	960.0	1634.0	1797.0	4322.0	1259.0	4982.0	3856.0	611.0	6626.0	7523.0	5144.0	3731.0	3189.0	428.0	592.0	365.0	2874.0	90299.4	1909443.0	1783880.913517
sub-season128	821.0	511.0	1762.0	1804.0	455.0	2986.0	5073.0	3445.0	875.0	5243.0	2550.0	3411.0	1795.0	3536.0	527.0	1459.0	1327.0	754.0	1652.0	1739.0	4356.0	825.0	4964.0	4325.0	595.0	5399.0	7412.0	5029.0	3714.0	3499.0	355.0	464.0	434.0	2530.0	85619.4	1696295.0	1630717.95911
sub-season129	929.0	651.0	1689.0	1459.0	382.0	2984.0	5418.0	3044.0	797.0	4285.0	2495.0	2806.0	1663.0	3397.0	578.0	1534.0	1506.0	763.0	1388.0	1526.0	3736.0	1191.0	4396.0	3230.0	491.0	5537.0	7177.0	4601.0	3570.0	3358.0	350.0	545.0	339.0	2181.0	79981.4	1647904.0	1503300.398544
sub-season130	963.0	861.0	1807.0	1557.0	468.0	3294.0	5786.0	3298.0	946.0	5767.0	2725.0	2861.0	1670.0	3627.0	713.0	1499.0	1335.0	1041.0	1558.0	1526.0	3370.0	1361.0	4778.0	3999.0	644.0	5497.0	6770.0	4730.0	3660.0	2889.0	324.0	539.0	293.0	2494.0	84641.9	1757452.0	1536729.309148
sub-season131	1211.0	601.0	2237.0	1530.0	648.0	3019.0	6432.0	3189.0	912.0	5280.0	3202.0	3654.0	2050.0	3729.0	668.0	1723.0	1395.0	1047.0	1834.0	1565.0	4172.0	1244.0	5136.0	3863.0	547.0	7279.0	7156.0	5419.0	3753.0	3633.0	319.0	491.0	406.0	1967.0	91305.7	1921984.0	1770893.529474
sub-season132	766.0	539.0	1696.0	1520.0	405.0	2438.0	4390.0	2203.0	639.0	4027.0	1973.0	2724.0	1400.0	2677.0	452.0	1140.0	1221.0	616.0	1327.0	1336.0	3250.0	956.0	3814.0	3839.0	413.0	4882.0	5689.0	4279.0	3119.0	3098.0	389.0	523.0	331.0	1850.0	69916.0	1452157.0	1439867.91904
sub-season133	913.0	656.0	1934.0	1490.0	450.0	2846.0	4869.0	2651.0	764.0	4031.0	2700.0	2893.0	1731.0	3055.0	567.0	1506.0	1220.0	856.0	1557.0	1610.0	3602.0	1277.0	4394.0	3802.0	656.0	5940.0	7467.0	5052.0	3521.0	3164.0	353.0	487.0	394.0	2124.0	80526.0	1700360.0	1525489.052102
sub-season134	1084.0	810.0	2994.0	1503.0	743.0	3406.0	6064.0	3912.0	1121.0	5250.0	3068.0	3420.0	1853.0	3985.0	644.0	1595.0	1818.0	930.0	1779.0	1576.0	4537.0	1208.0	5606.0	4128.0	755.0	5978.0	7469.0	5764.0	4206.0	4229.0	270.0	512.0	474.0	2495.0	95181.6	1911721.0	1823397.722049
sub-season135	759.0	500.0	1782.0	1504.0	418.0	2963.0	4446.0	3662.0	765.0	4357.0	2610.0	2717.0	1829.0	2935.0	606.0	1372.0	1572.0	840.0	1540.0	1277.0	3487.0	817.0	4026.0	4517.0	333.0	4783.0	6491.0	5602.0	3026.0	3542.0	473.0	682.0	371.0	2215.0	78809.0	1745319.0	1610476.458085
sub-season136	777.0	569.0	1812.0	1399.0	339.0	2893.0	5260.0	2862.0	696.0	5248.0	1878.0	2679.0	1386.0	3164.0	624.0	1217.0	1764.0	826.0	1552.0	1011.0	3118.0	802.0	3907.0	3516.0	500.0	4937.0	5374.0	4921.0	3068.0	3115.0	342.0	483.0	322.0	2220.0	74570.0	1513888.0	1035253.679693
sub-season137	673.0	483.0	1759.0	1833.0	360.0	2702.0	4299.0	2978.0	756.0	4756.0	2309.0	3322.0	1800.0	3080.0	534.0	1527.0	1285.0	860.0	1427.0	1792.0	3246.0	961.0	4157.0	3826.0	748.0	4713.0	7343.0	4964.0	3450.0	3307.0	295.0	518.0	359.0	2291.0	78708.8	1685920.0	1477723.11448
sub-season138	905.0	417.0	2075.0	1291.0	303.0	2521.0	4363.0	2791.0	767.0	4888.0	2068.0	2952.0	1524.0	3252.0	586.0	1233.0	1366.0	823.0	1603.0	1161.0	3636.0	905.0	4180.0	3729.0	225.0	5047.0	6879.0	4266.0	3525.0	3402.0	457.0	510.0	322.0	1967.0	75922.4	1628419.0	1579182.412506
sub-season139	1021.0	763.0	2151.0	1310.0	522.0	2891.0	6138.0	3195.0	876.0	5333.0	2411.0	3000.0	1788.0	3621.0	613.0	1288.0	1314.0	946.0	1860.0	1313.0	3907.0	1292.0	4531.0	3768.0	754.0	6383.0	7765.0	5938.0	3548.0	3699.0	385.0	489.0	404.0	2758.0	87951.6	1786268.0	1746086.487966
sub-season202	1027.0	754.0	2913.0	1594.0	895.0	3649.0	6255.0	3796.0	927.0	5305.0	3047.0	3318.0	2265.0	3755.0	612.0	1895.0	1438.0	1009.0	1642.0	1513.0	4938.0	1336.0	6008.0	5377.0	594.0	6657.0	9236.0	6449.0	4832.0	4705.0	496.0	676.0	518.0	3151.0	102579.0	2095322.0	1918579.22066
sub-season204	1110.0	600.0	2328.0	1769.0	380.0	3295.0	4898.0	2839.0	956.0	5462.0	3199.0	3161.0	2063.0	3545.0	623.0	1772.0	1676.0	963.0	1777.0	1544.0	3569.0	1281.0	4412.0	4646.0	539.0	6017.0	7414.0	5508.0	3790.0	3579.0	373.0	517.0	444.0	2332.0	88357.7	1719575.0	1568138.208178
sub-season206	1041.0	516.0	1317.0	1247.0	458.0	2926.0	4561.0	2799.0	792.0	4516.0	1754.0	2423.0	1497.0	3177.0	549.0	1218.0	1280.0	630.0	1483.0	1068.0	3479.0	887.0	4628.0	3147.0	439.0	4027.0	6139.0	4676.0	3148.0	4114.0	335.0	435.0	275.0	2525.0	73501.8	1487934.0	1382261.885581
sub-season207	1000.0	764.0	1730.0	1410.0	457.0	3089.0	5503.0	3440.0	762.0	4957.0	2682.0	2875.0	1773.0	3862.0	516.0	1964.0	1394.0	968.0	1682.0	1227.0	4421.0	1230.0	4327.0	4266.0	565.0	7100.0	7527.0	5939.0	4488.0	4206.0	385.0	506.0	443.0	2763.0	90211.2	1919834.0	1640301.685756
sub-season208	895.0	485.0	1908.0	1376.0	419.0	2588.0	4768.0	2846.0	741.0	4274.0	2399.0	2812.0	1672.0	3051.0	467.0	1543.0	1283.0	1029.0	1663.0	1522.0	3625.0	1106.0	4258.0	3512.0	314.0	5430.0	7228.0	4779.0	3319.0	3182.0	422.0	589.0	332.0	2035.0	77846.1	1633149.0	1505901.552608
sub-season211	706.0	614.0	1876.0	1677.0	456.0	2929.0	4011.0	2519.0	711.0	5011.0	2454.0	2872.0	1653.0	2783.0	557.0	1707.0	1201.0	829.0	1718.0	1516.0	3300.0	1025.0	4441.0	3750.0	565.0	5055.0	6479.0	5327.0	3274.0	3086.0	452.0	581.0	376.0	1889.0	77392.3	1540490.0	1299692.665252
sub-season212	966.0	497.0	1882.0	1350.0	408.0	2480.0	5398.0	2975.0	882.0	4219.0	2453.0	2305.0	1899.0	3175.0	545.0	1277.0	1268.0	954.0	1464.0	1284.0	3504.0	1073.0	4451.0	3676.0	395.0	5312.0	7125.0	4914.0	3140.0	2929.0	406.0	519.0	292.0	2057.0	77470.3	1575179.0	1434554.310664
sub-season213	1209.0	1005.0	3086.0	2161.0	439.0	3393.0	5760.0	3841.0	1179.0	6841.0	2595.0	3701.0	1853.0	3959.0	611.0	1639.0	1935.0	848.0	1656.0	1913.0	4237.0	1496.0	5645.0	4970.0	640.0	6511.0	7581.0	6160.0	3833.0	4473.0	418.0	611.0	409.0	2441.0	99040.8	2024520.0	1826968.556586
sub-season214	844.0	732.0	1921.0	1368.0	302.0	2732.0	4803.0	3286.0	735.0	4495.0	2351.0	2731.0	1830.0	3454.0	600.0	1597.0	1253.0	828.0	1365.0	1198.0	3723.0	1140.0	4162.0	3849.0	548.0	6249.0	7522.0	5604.0	3846.0	3673.0	415.0	511.0	381.0	2635.0	82669.6	1769868.0	1559496.726243
sub-season215	1263.0	952.0	2561.0	1751.0	570.0	3375.0	6376.0	3961.0	909.0	6269.0	2743.0	3058.0	2118.0	4559.0	676.0	1540.0	1288.0	1187.0	1927.0	1486.0	4460.0	1581.0	4905.0	4698.0	566.0	7297.0	7544.0	5690.0	4029.0	3944.0	450.0	706.0	332.0	2778.0	97541.1	1993619.0	1891248.65278
sub-season216	761.0	474.0	1781.0	1333.0	372.0	2518.0	4629.0	2362.0	756.0	4127.0	2219.0	2798.0	1736.0	2947.0	651.0	1328.0	1132.0	720.0	1308.0	1167.0	3057.0	878.0	4022.0	3202.0	394.0	4927.0	6575.0	4799.0	3130.0	2414.0	329.0	407.0	281.0	1905.0	71434.8	1682732.0	1571693.261147
sub-season217	843.0	784.0	2029.0	1342.0	333.0	2508.0	4167.0	2663.0	785.0	4347.0	2156.0	2594.0	1707.0	2959.0	523.0	1281.0	1449.0	699.0	1328.0	1392.0	3475.0	1121.0	4171.0	3408.0	547.0	5088.0	6482.0	4451.0	3416.0	3206.0	322.0	482.0	328.0	2096.0	74474.6	1587034.0	1510038.192549
