lh.BA_exvivo.area	lh_BA1_exvivo_area	lh_BA2_exvivo_area	lh_BA3a_exvivo_area	lh_BA3b_exvivo_area	lh_BA4a_exvivo_area	lh_BA4p_exvivo_area	lh_BA6_exvivo_area	lh_BA44_exvivo_area	lh_BA45_exvivo_area	lh_V1_exvivo_area	lh_V2_exvivo_area	lh_MT_exvivo_area	lh_perirhinal_exvivo_area	lh_entorhinal_exvivo_area	lh_WhiteSurfArea_area	BrainSegVolNotVent	eTIV
sub-season101	603.0	2490.0	650.0	1647.0	808.0	804.0	5944.0	1657.0	2132.0	2209.0	5651.0	1136.0	337.0	448.0	87520.2	1592925.0	1412166.900513
sub-season102	682.0	2535.0	753.0	1514.0	1148.0	901.0	6847.0	1861.0	2913.0	2612.0	5826.0	1672.0	441.0	565.0	100108.0	2019190.0	1836734.352672
sub-season103	551.0	2320.0	669.0	1461.0	1001.0	827.0	6226.0	1622.0	1894.0	1626.0	4309.0	1023.0	347.0	457.0	81537.5	1604558.0	1443544.19585
sub-season104	562.0	2468.0	632.0	1386.0	865.0	758.0	5625.0	1507.0	1810.0	2089.0	5436.0	1534.0	461.0	531.0	87182.0	1745081.0	1582548.662703
sub-season105	514.0	2767.0	642.0	1597.0	988.0	792.0	6070.0	1317.0	2066.0	2051.0	4696.0	1039.0	317.0	494.0	87696.9	1643021.0	1563538.009266
sub-season106	671.0	2449.0	687.0	1509.0	933.0	786.0	5544.0	1510.0	1909.0	1938.0	4910.0	1422.0	398.0	569.0	85970.5	1624831.0	1482952.883913
sub-season107	678.0	2448.0	718.0	1575.0	1049.0	827.0	6403.0	1230.0	1975.0	2389.0	5161.0	1132.0	464.0	596.0	88038.7	1762574.0	1540944.436115
sub-season108	553.0	2342.0	702.0	1469.0	882.0	774.0	5895.0	1478.0	1777.0	2554.0	5582.0	1343.0	342.0	485.0	84942.5	1608348.0	1453691.045969
sub-season109	723.0	2655.0	803.0	1738.0	989.0	959.0	7057.0	1794.0	2388.0	2640.0	6179.0	2226.0	349.0	446.0	102708.0	2116975.0	1949204.264928
sub-season110	592.0	2441.0	675.0	1514.0	978.0	837.0	6070.0	1352.0	1881.0	2777.0	5262.0	1112.0	381.0	523.0	89479.5	1728574.0	1545647.495434
sub-season111	737.0	3508.0	782.0	1765.0	1087.0	1010.0	6805.0	1464.0	1914.0	2920.0	5438.0	1314.0	550.0	711.0	95937.7	1887219.0	1820797.057342
sub-season112	841.0	3080.0	880.0	1920.0	1279.0	1170.0	7535.0	2506.0	2210.0	2746.0	6358.0	1445.0	401.0	559.0	105813.0	1986596.0	1855650.512396
sub-season114	547.0	2110.0	731.0	1485.0	943.0	894.0	6208.0	1159.0	1576.0	1780.0	4826.0	1121.0	342.0	444.0	79457.5	1589934.0	1453974.037606
sub-season116	691.0	3041.0	603.0	1480.0	995.0	751.0	6933.0	1550.0	2224.0	2704.0	5583.0	1198.0	324.0	445.0	94814.5	1864222.0	1656987.75507
sub-season117	633.0	2291.0	744.0	1570.0	1196.0	957.0	7065.0	1443.0	2288.0	2183.0	5172.0	1716.0	475.0	659.0	97301.6	2004035.0	1887383.587011
sub-season119	544.0	2188.0	601.0	1379.0	929.0	726.0	5940.0	1455.0	1688.0	2155.0	4858.0	1889.0	358.0	510.0	87176.8	1696676.0	1569429.750095
sub-season120	627.0	2534.0	660.0	1461.0	960.0	836.0	7166.0	1359.0	2347.0	1894.0	5161.0	1557.0	316.0	366.0	91650.0	1847717.0	1664683.598266
sub-season121	843.0	3292.0	871.0	1986.0	1113.0	1117.0	8160.0	1559.0	2160.0	2987.0	7321.0	1471.0	477.0	659.0	105528.0	2008369.0	1897894.403667
sub-season122	666.0	2874.0	637.0	1542.0	1065.0	796.0	6688.0	1657.0	2334.0	2199.0	5220.0	1296.0	371.0	437.0	97408.9	1880815.0	1805189.790401
sub-season123	586.0	2443.0	718.0	1536.0	1208.0	851.0	6957.0	2222.0	2703.0	2899.0	6179.0	1549.0	394.0	469.0	104118.0	2039640.0	1849012.463256
sub-season124	608.0	2315.0	667.0	1386.0	970.0	827.0	5185.0	1084.0	1913.0	2141.0	5633.0	1729.0	498.0	578.0	86037.6	1783291.0	1690958.095541
sub-season125	702.0	2340.0	711.0	1666.0	1013.0	870.0	6573.0	1676.0	2263.0	2312.0	5830.0	1977.0	394.0	432.0	93528.1	1824819.0	1602272.803847
sub-season126	670.0	2429.0	738.0	1672.0	1092.0	914.0	6687.0	1358.0	1765.0	2384.0	5591.0	1280.0	368.0	489.0	91628.2	1753096.0	1661498.478944
sub-season127	598.0	2544.0	738.0	1656.0	1031.0	957.0	6147.0	1665.0	2490.0	2631.0	5877.0	1821.0	422.0	550.0	95242.5	1909443.0	1783880.913517
sub-season128	843.0	4306.0	748.0	1578.0	982.0	1002.0	5397.0	1344.0	2699.0	2471.0	5617.0	1341.0	423.0	623.0	90403.8	1696295.0	1630717.95911
sub-season129	636.0	2204.0	658.0	1560.0	940.0	764.0	5981.0	1444.0	1845.0	2330.0	5583.0	1231.0	353.0	497.0	85423.4	1647904.0	1503300.398544
sub-season130	568.0	2062.0	688.0	1459.0	918.0	808.0	5549.0	1458.0	2104.0	2583.0	5287.0	1386.0	399.0	449.0	88656.5	1757452.0	1536729.309148
sub-season131	678.0	2465.0	733.0	1565.0	1053.0	887.0	7322.0	1958.0	2152.0	2353.0	5368.0	2020.0	460.0	628.0	98218.4	1921984.0	1770893.529474
sub-season132	479.0	1798.0	606.0	1267.0	808.0	707.0	5095.0	1401.0	1727.0	2119.0	5140.0	1174.0	287.0	337.0	75613.1	1452157.0	1439867.91904
sub-season133	606.0	2382.0	716.0	1439.0	942.0	871.0	6250.0	1789.0	2410.0	2298.0	5137.0	1237.0	397.0	503.0	84926.4	1700360.0	1525489.052102
sub-season134	795.0	3039.0	760.0	1818.0	1148.0	940.0	6856.0	2232.0	2501.0	2541.0	5345.0	1478.0	639.0	710.0	100233.0	1911721.0	1823397.722049
sub-season135	612.0	2649.0	626.0	1390.0	916.0	725.0	5199.0	1684.0	2160.0	1848.0	4350.0	1043.0	372.0	551.0	83183.9	1745319.0	1610476.458085
sub-season136	502.0	2417.0	615.0	1277.0	899.0	713.0	5110.0	1396.0	1805.0	1746.0	4384.0	1345.0	345.0	514.0	78860.1	1513888.0	1035253.679693
sub-season137	533.0	2245.0	698.0	1424.0	909.0	809.0	5911.0	1463.0	1853.0	2474.0	5906.0	1574.0	340.0	442.0	84214.0	1685920.0	1477723.11448
sub-season138	579.0	2490.0	651.0	1399.0	890.0	780.0	5040.0	1766.0	2532.0	1825.0	4739.0	1045.0	342.0	417.0	81047.0	1628419.0	1579182.412506
sub-season139	631.0	2878.0	619.0	1502.0	951.0	816.0	7004.0	1299.0	1896.0	2036.0	5492.0	1070.0	423.0	460.0	93008.1	1786268.0	1746086.487966
sub-season202	844.0	3478.0	705.0	1899.0	1084.0	924.0	7425.0	1638.0	2657.0	2181.0	5791.0	1356.0	584.0	682.0	106746.0	2095322.0	1918579.22066
sub-season204	629.0	2697.0	702.0	1605.0	991.0	910.0	6241.0	1426.0	1888.0	2566.0	5975.0	1135.0	327.0	422.0	93671.4	1719575.0	1568138.208178
sub-season206	575.0	2398.0	638.0	1412.0	867.0	770.0	5108.0	1279.0	1399.0	1826.0	4077.0	1121.0	401.0	553.0	77445.1	1487934.0	1382261.885581
sub-season207	572.0	2270.0	724.0	1491.0	1037.0	821.0	6362.0	1511.0	2336.0	2386.0	4997.0	1581.0	477.0	674.0	95100.5	1919834.0	1640301.685756
sub-season208	567.0	2539.0	640.0	1442.0	1004.0	722.0	6241.0	1249.0	2160.0	2374.0	5070.0	1162.0	436.0	536.0	83257.4	1633149.0	1505901.552608
sub-season211	617.0	2148.0	696.0	1406.0	1082.0	880.0	5708.0	1359.0	1793.0	2352.0	5317.0	1219.0	396.0	539.0	80896.8	1540490.0	1299692.665252
sub-season212	598.0	2607.0	671.0	1352.0	1008.0	832.0	6089.0	1317.0	1691.0	2043.0	4885.0	1189.0	353.0	431.0	82420.3	1575179.0	1434554.310664
sub-season213	630.0	2660.0	673.0	1663.0	1111.0	822.0	7071.0	2076.0	2725.0	2886.0	6266.0	1817.0	393.0	406.0	103287.0	2024520.0	1826968.556586
sub-season214	615.0	2793.0	668.0	1464.0	1158.0	784.0	5560.0	1332.0	1895.0	2006.0	4741.0	1170.0	334.0	404.0	88074.9	1769868.0	1559496.726243
sub-season215	775.0	3462.0	641.0	1608.0	930.0	773.0	6159.0	1823.0	2561.0	2735.0	6132.0	1593.0	371.0	493.0	101537.0	1993619.0	1891248.65278
sub-season216	501.0	1813.0	662.0	1316.0	903.0	797.0	5796.0	1345.0	1652.0	2016.0	4983.0	1084.0	387.0	408.0	76587.5	1682732.0	1571693.261147
sub-season217	551.0	2084.0	623.0	1333.0	828.0	746.0	5861.0	1398.0	1705.0	2288.0	4610.0	1259.0	342.0	413.0	79332.1	1587034.0	1510038.192549
