lh.aparc.DKTatlas.area	lh_caudalanteriorcingulate_area	lh_caudalmiddlefrontal_area	lh_cuneus_area	lh_entorhinal_area	lh_fusiform_area	lh_inferiorparietal_area	lh_inferiortemporal_area	lh_isthmuscingulate_area	lh_lateraloccipital_area	lh_lateralorbitofrontal_area	lh_lingual_area	lh_medialorbitofrontal_area	lh_middletemporal_area	lh_parahippocampal_area	lh_paracentral_area	lh_parsopercularis_area	lh_parsorbitalis_area	lh_parstriangularis_area	lh_pericalcarine_area	lh_postcentral_area	lh_posteriorcingulate_area	lh_precentral_area	lh_precuneus_area	lh_rostralanteriorcingulate_area	lh_rostralmiddlefrontal_area	lh_superiorfrontal_area	lh_superiorparietal_area	lh_superiortemporal_area	lh_supramarginal_area	lh_transversetemporal_area	lh_insula_area	lh_WhiteSurfArea_area	BrainSegVolNotVent	eTIV
sub-season101	1013.0	2345.0	2143.0	334.0	2410.0	3334.0	3074.0	1081.0	5015.0	2775.0	3095.0	1486.0	3741.0	669.0	1169.0	1577.0	782.0	1731.0	1241.0	4809.0	1161.0	4421.0	4066.0	816.0	4754.0	8242.0	4154.0	4838.0	3853.0	399.0	1976.0	82503.7	1592925.0	1412166.900513
sub-season102	1148.0	2758.0	2394.0	427.0	3050.0	4819.0	3466.0	1079.0	5600.0	3085.0	3284.0	1781.0	4540.0	673.0	1853.0	1986.0	874.0	2299.0	1475.0	4739.0	1333.0	5157.0	4351.0	1017.0	4697.0	8552.0	4940.0	5929.0	4019.0	587.0	2081.0	93991.4	2019190.0	1836734.352672
sub-season103	985.0	2569.0	1323.0	377.0	2130.0	4122.0	2649.0	1028.0	4056.0	2317.0	2762.0	1238.0	3521.0	551.0	1399.0	1520.0	596.0	1539.0	873.0	4183.0	1179.0	4782.0	3063.0	935.0	3856.0	8024.0	4168.0	4728.0	3990.0	417.0	1736.0	76614.9	1604558.0	1443544.19585
sub-season104	834.0	1909.0	2205.0	412.0	2798.0	4231.0	3227.0	752.0	5429.0	2801.0	2868.0	1779.0	4119.0	647.0	1419.0	1449.0	679.0	1392.0	1132.0	4113.0	961.0	4266.0	3745.0	917.0	4055.0	8107.0	4747.0	5042.0	3289.0	522.0	1795.0	81641.8	1745081.0	1582548.662703
sub-season105	1033.0	1710.0	1789.0	356.0	2610.0	4372.0	3642.0	929.0	3969.0	2356.0	2859.0	1289.0	4032.0	660.0	1511.0	1329.0	662.0	1598.0	1180.0	4281.0	1039.0	4593.0	3891.0	912.0	4039.0	7877.0	5518.0	5427.0	4856.0	554.0	1861.0	82734.4	1643021.0	1563538.009266
sub-season106	1059.0	2652.0	1684.0	408.0	3020.0	4587.0	2995.0	826.0	4698.0	2883.0	2787.0	1432.0	4095.0	648.0	1649.0	1511.0	650.0	1491.0	1103.0	4602.0	1415.0	4243.0	3333.0	1000.0	4269.0	7276.0	4672.0	4861.0	3052.0	464.0	1696.0	81061.6	1624831.0	1482952.883913
sub-season107	1292.0	1998.0	1926.0	460.0	2406.0	4939.0	2953.0	1004.0	4418.0	2990.0	2936.0	1745.0	4096.0	668.0	1701.0	1344.0	740.0	1536.0	1461.0	4650.0	1491.0	4453.0	3334.0	1204.0	4254.0	8468.0	3503.0	5344.0	3295.0	411.0	2002.0	83022.5	1762574.0	1540944.436115
sub-season108	962.0	2729.0	1751.0	418.0	2141.0	4157.0	3242.0	880.0	4888.0	3056.0	3347.0	1730.0	4187.0	610.0	1631.0	1326.0	613.0	1466.0	1420.0	4271.0	1128.0	4391.0	3064.0	735.0	4051.0	8415.0	4004.0	4491.0	2730.0	541.0	1923.0	80299.9	1608348.0	1453691.045969
sub-season109	1348.0	3059.0	2133.0	326.0	3184.0	5638.0	4114.0	1191.0	6425.0	3067.0	3335.0	1539.0	5490.0	762.0	1393.0	1800.0	845.0	1886.0	1515.0	4959.0	1621.0	5458.0	3976.0	1191.0	4722.0	8423.0	4259.0	5747.0	4327.0	532.0	2130.0	96392.4	2116975.0	1949204.264928
sub-season110	1023.0	2665.0	1871.0	464.0	2440.0	4472.0	3199.0	1000.0	4521.0	2623.0	3275.0	1603.0	4148.0	647.0	1561.0	1422.0	609.0	1361.0	1581.0	4317.0	1198.0	4331.0	4619.0	1051.0	4482.0	7807.0	5247.0	5087.0	3603.0	479.0	1760.0	84468.3	1728574.0	1545647.495434
sub-season111	1040.0	2522.0	2144.0	571.0	3097.0	4410.0	3651.0	1076.0	4838.0	2934.0	3305.0	1289.0	4508.0	864.0	1794.0	1461.0	699.0	1498.0	1702.0	5649.0	1331.0	5294.0	3945.0	1020.0	3979.0	8816.0	4126.0	5398.0	4126.0	546.0	2176.0	89809.3	1887219.0	1820797.057342
sub-season112	1151.0	2943.0	2379.0	499.0	3217.0	4843.0	4357.0	1146.0	5582.0	3422.0	3533.0	1643.0	5140.0	758.0	1693.0	2165.0	698.0	1635.0	1580.0	5796.0	1161.0	6353.0	4393.0	1364.0	4850.0	9167.0	5433.0	6220.0	4250.0	552.0	2017.0	99937.4	1986596.0	1855650.512396
sub-season114	691.0	1826.0	1711.0	344.0	2438.0	4065.0	2892.0	840.0	4507.0	2092.0	2515.0	1460.0	3852.0	532.0	1586.0	1167.0	681.0	1267.0	900.0	4190.0	1031.0	4390.0	3468.0	626.0	3073.0	8252.0	4005.0	4650.0	3338.0	484.0	1596.0	74466.2	1589934.0	1453974.037606
sub-season116	1195.0	2690.0	2058.0	371.0	3157.0	4091.0	3467.0	925.0	4967.0	2729.0	3263.0	1500.0	4625.0	639.0	1594.0	1553.0	731.0	1805.0	1514.0	4720.0	1450.0	4659.0	3853.0	1078.0	4646.0	8643.0	4456.0	5762.0	4485.0	580.0	1953.0	89162.0	1864222.0	1656987.75507
sub-season117	1406.0	2411.0	1818.0	541.0	2433.0	4385.0	4879.0	911.0	5282.0	2919.0	3019.0	1568.0	4628.0	773.0	1957.0	1260.0	704.0	1723.0	1135.0	4430.0	1692.0	5565.0	4369.0	1457.0	5024.0	9179.0	4864.0	5196.0	3583.0	496.0	1976.0	91582.3	2004035.0	1887383.587011
sub-season119	769.0	1907.0	1939.0	416.0	2994.0	5343.0	3500.0	893.0	5390.0	2846.0	2441.0	1793.0	4452.0	627.0	1589.0	1357.0	686.0	1438.0	1225.0	4070.0	1129.0	4213.0	3697.0	849.0	3521.0	8089.0	4204.0	4819.0	3477.0	424.0	1963.0	82059.4	1696676.0	1569429.750095
sub-season120	1101.0	2555.0	1924.0	303.0	2559.0	4103.0	3720.0	968.0	5358.0	3244.0	2557.0	1485.0	4540.0	658.0	1613.0	1298.0	780.0	1955.0	964.0	4378.0	1119.0	4683.0	3597.0	1310.0	4567.0	9412.0	4302.0	4868.0	3736.0	475.0	1996.0	86127.9	1847717.0	1664683.598266
sub-season121	1176.0	2456.0	2474.0	475.0	3112.0	6315.0	4076.0	1558.0	6661.0	3038.0	3762.0	1768.0	4521.0	740.0	1583.0	1592.0	809.0	1690.0	1791.0	5975.0	1373.0	6028.0	4408.0	1082.0	4459.0	9511.0	5132.0	5298.0	3637.0	481.0	2182.0	99163.5	2008369.0	1897894.403667
sub-season122	1466.0	2498.0	1913.0	406.0	2301.0	4514.0	4007.0	1087.0	4777.0	3205.0	3043.0	1508.0	4420.0	730.0	1807.0	1664.0	699.0	1888.0	1251.0	4917.0	1668.0	4516.0	4676.0	1405.0	4480.0	9776.0	5069.0	5278.0	4193.0	504.0	2149.0	91813.1	1880815.0	1805189.790401
sub-season123	1314.0	2807.0	2181.0	382.0	2912.0	4616.0	3732.0	1372.0	5900.0	3368.0	3673.0	1972.0	5253.0	789.0	1912.0	2140.0	762.0	2176.0	1741.0	4592.0	1139.0	5374.0	4070.0	1684.0	4476.0	8684.0	4712.0	6894.0	4579.0	615.0	2182.0	98005.1	2039640.0	1849012.463256
sub-season124	742.0	1590.0	2132.0	552.0	2838.0	5019.0	3143.0	848.0	6117.0	3045.0	2786.0	1411.0	4022.0	690.0	1379.0	1171.0	672.0	1567.0	1190.0	4189.0	1023.0	4127.0	3535.0	562.0	3962.0	7676.0	3966.0	5514.0	2983.0	550.0	1768.0	80768.5	1783291.0	1690958.095541
sub-season125	1079.0	2902.0	2407.0	410.0	3014.0	4944.0	3543.0	755.0	5975.0	2796.0	3268.0	1542.0	4259.0	843.0	1805.0	1607.0	732.0	1846.0	1291.0	4785.0	1192.0	4852.0	4153.0	1041.0	4272.0	8225.0	3506.0	5857.0	3212.0	485.0	1845.0	88441.9	1824819.0	1602272.803847
sub-season126	1083.0	2664.0	1835.0	428.0	2606.0	4140.0	3708.0	844.0	5292.0	2941.0	3342.0	1705.0	4025.0	541.0	1696.0	1192.0	636.0	1388.0	1312.0	4756.0	1143.0	5374.0	3970.0	915.0	4382.0	8601.0	4070.0	5357.0	4178.0	482.0	1904.0	86511.1	1753096.0	1661498.478944
sub-season127	1343.0	2123.0	2053.0	390.0	2836.0	4927.0	3756.0	1118.0	5521.0	2780.0	3352.0	1594.0	4562.0	608.0	1607.0	1754.0	838.0	2096.0	1521.0	4657.0	1510.0	4980.0	3574.0	1551.0	4164.0	8227.0	4255.0	5642.0	3757.0	607.0	1979.0	89680.7	1909443.0	1783880.913517
sub-season128	1031.0	2062.0	2188.0	471.0	2863.0	3838.0	3396.0	967.0	4983.0	2730.0	3190.0	1556.0	4046.0	604.0	1502.0	1569.0	686.0	2192.0	1434.0	6265.0	1107.0	4622.0	3671.0	1135.0	3833.0	7319.0	4306.0	5110.0	3802.0	508.0	2072.0	85054.6	1696295.0	1630717.95911
sub-season129	1070.0	2122.0	1881.0	351.0	2473.0	4215.0	3388.0	941.0	5350.0	2779.0	2942.0	1643.0	4223.0	590.0	1635.0	1486.0	781.0	1532.0	1245.0	4490.0	1236.0	4252.0	3194.0	919.0	3624.0	8268.0	3056.0	5138.0	3330.0	476.0	1879.0	80506.6	1647904.0	1503300.398544
sub-season130	1139.0	2249.0	2145.0	495.0	2772.0	4590.0	3395.0	979.0	5154.0	2798.0	2981.0	1510.0	4531.0	611.0	1665.0	1575.0	738.0	1701.0	1457.0	4119.0	1154.0	4269.0	3863.0	857.0	3944.0	7789.0	3857.0	5344.0	3097.0	459.0	2023.0	83258.8	1757452.0	1536729.309148
sub-season131	1131.0	3418.0	1838.0	453.0	3273.0	5521.0	3952.0	1034.0	5825.0	3381.0	3336.0	1819.0	4824.0	730.0	1655.0	1812.0	665.0	1653.0	1377.0	4623.0	1160.0	5271.0	3837.0	1037.0	4430.0	8598.0	3907.0	5631.0	4222.0	465.0	1776.0	92654.8	1921984.0	1770893.529474
sub-season132	762.0	2130.0	2139.0	310.0	2135.0	3578.0	2552.0	677.0	4537.0	2200.0	2709.0	1312.0	3111.0	472.0	1269.0	1367.0	514.0	1374.0	1155.0	3662.0	856.0	3829.0	3273.0	646.0	3502.0	6950.0	3970.0	4443.0	3105.0	518.0	1644.0	70698.8	1452157.0	1439867.91904
sub-season133	1055.0	2103.0	1936.0	410.0	2722.0	3836.0	2475.0	988.0	4895.0	2899.0	2847.0	1503.0	3451.0	547.0	1594.0	1862.0	760.0	1887.0	1299.0	4423.0	1111.0	4594.0	3769.0	861.0	3720.0	8130.0	3498.0	4824.0	3400.0	503.0	1872.0	79774.3	1700360.0	1525489.052102
sub-season134	1185.0	2720.0	1863.0	811.0	3145.0	5017.0	3809.0	1210.0	4849.0	3389.0	3191.0	1606.0	4940.0	797.0	1793.0	2276.0	954.0	1971.0	1502.0	5429.0	1218.0	5244.0	3673.0	1360.0	4098.0	8404.0	4824.0	5990.0	4502.0	656.0	2069.0	94494.9	1911721.0	1823397.722049
sub-season135	891.0	2081.0	1911.0	456.0	2570.0	4116.0	3042.0	775.0	4210.0	3131.0	2336.0	1447.0	3609.0	602.0	1532.0	1838.0	799.0	1698.0	1006.0	4221.0	952.0	4078.0	4245.0	860.0	3558.0	6682.0	4448.0	5059.0	3446.0	533.0	1877.0	78008.1	1745319.0	1610476.458085
sub-season136	796.0	1909.0	1594.0	384.0	2768.0	3840.0	3246.0	792.0	4661.0	2435.0	2179.0	1524.0	4086.0	693.0	1467.0	1370.0	674.0	1564.0	987.0	3908.0	933.0	3813.0	3533.0	915.0	3340.0	7163.0	4290.0	4383.0	3168.0	382.0	1722.0	74519.2	1513888.0	1035253.679693
sub-season137	889.0	1652.0	2182.0	344.0	2774.0	3775.0	3183.0	862.0	5294.0	2754.0	3133.0	1442.0	3612.0	585.0	1511.0	1455.0	738.0	1547.0	1481.0	4091.0	1180.0	4417.0	3644.0	788.0	3237.0	8308.0	3870.0	4729.0	3332.0	499.0	2098.0	79407.1	1685920.0	1477723.11448
sub-season138	835.0	2218.0	1780.0	361.0	2422.0	3746.0	3274.0	895.0	4445.0	2422.0	2496.0	1297.0	3979.0	613.0	1432.0	1920.0	722.0	2017.0	994.0	4209.0	1159.0	3975.0	3578.0	666.0	3472.0	6669.0	3839.0	5038.0	3137.0	418.0	1819.0	75849.6	1628419.0	1579182.412506
sub-season139	1204.0	2382.0	1856.0	537.0	2629.0	4361.0	3458.0	1015.0	4924.0	2871.0	3239.0	1671.0	3875.0	704.0	1576.0	1277.0	624.0	1531.0	1070.0	4552.0	1095.0	4399.0	3650.0	1133.0	4122.0	9304.0	5157.0	5216.0	5669.0	512.0	2052.0	87663.3	1786268.0	1746086.487966
sub-season202	1435.0	3191.0	1942.0	836.0	3387.0	5058.0	4188.0	1318.0	5842.0	3786.0	2940.0	1696.0	4756.0	838.0	1784.0	1726.0	915.0	2154.0	1158.0	6022.0	1640.0	4977.0	4673.0	1505.0	4559.0	9676.0	5036.0	6104.0	4946.0	599.0	2319.0	101005.0	2095322.0	1918579.22066
sub-season204	1169.0	2725.0	2477.0	337.0	2462.0	4085.0	3073.0	1006.0	4629.0	3234.0	3436.0	1762.0	3835.0	687.0	1795.0	1482.0	918.0	1606.0	1491.0	4778.0	1349.0	4535.0	4793.0	1110.0	4286.0	8735.0	4338.0	5173.0	4604.0	629.0	2284.0	88823.8	1719575.0	1568138.208178
sub-season206	800.0	1728.0	1498.0	415.0	2562.0	4250.0	3097.0	755.0	3882.0	2222.0	2432.0	1378.0	3829.0	672.0	1408.0	1213.0	595.0	1182.0	1039.0	4196.0	1012.0	4188.0	3085.0	589.0	2913.0	7393.0	3918.0	4736.0	3733.0	427.0	1761.0	72906.7	1487934.0	1382261.885581
sub-season207	1112.0	2389.0	1637.0	483.0	3048.0	5298.0	3406.0	994.0	4935.0	2975.0	3199.0	1618.0	4559.0	639.0	1730.0	1513.0	695.0	1869.0	1260.0	4093.0	1543.0	4755.0	4246.0	1141.0	4827.0	8523.0	4955.0	5669.0	4166.0	549.0	2059.0	89882.8	1919834.0	1640301.685756
sub-season208	865.0	1992.0	1985.0	465.0	2568.0	3463.0	2792.0	840.0	4437.0	2844.0	2728.0	1541.0	3810.0	598.0	1609.0	1360.0	674.0	1842.0	1341.0	4389.0	1380.0	4188.0	3491.0	682.0	3695.0	8055.0	3902.0	4554.0	3577.0	500.0	1864.0	78031.8	1633149.0	1505901.552608
sub-season211	770.0	2143.0	2306.0	457.0	2498.0	3318.0	2768.0	744.0	5156.0	2519.0	2552.0	1654.0	3689.0	595.0	1604.0	1393.0	638.0	1529.0	1288.0	4110.0	956.0	4486.0	3492.0	718.0	3328.0	7534.0	4629.0	4117.0	3070.0	465.0	1758.0	76284.2	1540490.0	1299692.665252
sub-season212	929.0	2195.0	1918.0	351.0	2356.0	4060.0	3073.0	922.0	4335.0	2857.0	2560.0	1413.0	3754.0	601.0	1614.0	1236.0	666.0	1414.0	1091.0	4331.0	1177.0	4546.0	3202.0	1022.0	3570.0	7962.0	3803.0	4773.0	3471.0	462.0	1725.0	77391.8	1575179.0	1434554.310664
sub-season213	1341.0	2703.0	2415.0	387.0	3330.0	5432.0	4201.0	1207.0	6287.0	3012.0	3373.0	1391.0	4392.0	655.0	1849.0	2137.0	661.0	2090.0	1727.0	4851.0	1683.0	5173.0	4345.0	1327.0	4895.0	8914.0	4964.0	5758.0	4134.0	556.0	2082.0	97269.5	2024520.0	1826968.556586
sub-season214	1082.0	2185.0	1634.0	315.0	2760.0	4243.0	2942.0	713.0	4972.0	2952.0	2673.0	1679.0	3987.0	757.0	2015.0	1373.0	783.0	1632.0	1136.0	4539.0	1059.0	4005.0	3552.0	1165.0	3948.0	8608.0	4551.0	4864.0	4064.0	450.0	2051.0	82690.9	1769868.0	1559496.726243
sub-season215	1265.0	2533.0	1869.0	460.0	3088.0	4832.0	3646.0	1356.0	6027.0	3138.0	3457.0	1566.0	5619.0	602.0	1615.0	1757.0	828.0	1988.0	1515.0	5315.0	1556.0	4699.0	3460.0	1145.0	5815.0	8938.0	4358.0	5860.0	4838.0	606.0	2113.0	95862.8	1993619.0	1891248.65278
sub-season216	782.0	2128.0	1893.0	384.0	2182.0	3786.0	2413.0	797.0	4316.0	2647.0	3039.0	1272.0	3208.0	635.0	1550.0	1279.0	613.0	1418.0	1070.0	3653.0	1280.0	4096.0	2614.0	891.0	3227.0	7708.0	3394.0	4469.0	2656.0	429.0	1612.0	71440.5	1682732.0	1571693.261147
sub-season217	913.0	2225.0	1813.0	354.0	2329.0	3587.0	3066.0	750.0	4378.0	2554.0	2770.0	1652.0	3719.0	571.0	1312.0	1362.0	545.0	1350.0	1372.0	3864.0	1215.0	4233.0	2900.0	861.0	3186.0	7635.0	3417.0	4968.0	3243.0	421.0	1769.0	74337.2	1587034.0	1510038.192549
