lh.aparc.DKTatlas.thickness	lh_caudalanteriorcingulate_thickness	lh_caudalmiddlefrontal_thickness	lh_cuneus_thickness	lh_entorhinal_thickness	lh_fusiform_thickness	lh_inferiorparietal_thickness	lh_inferiortemporal_thickness	lh_isthmuscingulate_thickness	lh_lateraloccipital_thickness	lh_lateralorbitofrontal_thickness	lh_lingual_thickness	lh_medialorbitofrontal_thickness	lh_middletemporal_thickness	lh_parahippocampal_thickness	lh_paracentral_thickness	lh_parsopercularis_thickness	lh_parsorbitalis_thickness	lh_parstriangularis_thickness	lh_pericalcarine_thickness	lh_postcentral_thickness	lh_posteriorcingulate_thickness	lh_precentral_thickness	lh_precuneus_thickness	lh_rostralanteriorcingulate_thickness	lh_rostralmiddlefrontal_thickness	lh_superiorfrontal_thickness	lh_superiorparietal_thickness	lh_superiortemporal_thickness	lh_supramarginal_thickness	lh_transversetemporal_thickness	lh_insula_thickness	lh_MeanThickness_thickness	BrainSegVolNotVent	eTIV
sub-season101	2.682	2.64	2.03	3.506	2.768	2.447	2.858	2.417	2.129	2.67	2.129	2.411	2.803	2.509	2.592	2.709	2.596	2.534	1.788	2.282	2.335	2.65	2.307	2.996	2.376	2.699	2.236	2.793	2.59	2.987	3.198	2.52045	1592925.0	1412166.900513
sub-season102	2.618	2.633	2.126	3.145	2.82	2.525	2.849	2.325	2.288	2.835	2.233	2.423	2.872	2.699	2.57	2.87	2.884	2.63	1.792	2.153	2.578	2.84	2.529	2.915	2.653	2.796	2.378	2.786	2.621	2.57	3.195	2.60528	2019190.0	1836734.352672
sub-season103	2.662	2.718	2.126	3.328	2.873	2.608	2.835	2.402	2.254	3.033	2.266	2.621	2.97	3.04	2.847	2.966	3.058	2.643	2.008	2.261	2.432	2.963	2.594	3.178	2.696	2.876	2.434	3.004	2.686	2.705	3.516	2.70671	1604558.0	1443544.19585
sub-season104	2.624	2.812	2.311	3.781	2.986	2.66	2.908	2.674	2.296	2.916	2.503	2.402	3.01	3.431	2.789	3.014	3.189	2.757	1.919	2.258	2.396	2.896	2.634	2.868	2.663	3.01	2.45	3.274	2.858	2.824	3.508	2.75619	1745081.0	1582548.662703
sub-season105	3.085	2.723	2.011	3.257	2.865	2.566	2.801	2.463	2.305	3.063	2.23	2.6	2.807	2.721	2.717	2.885	3.12	2.614	1.812	2.206	2.549	2.753	2.592	3.335	2.562	2.828	2.264	2.949	2.707	2.59	3.269	2.64505	1643021.0	1563538.009266
sub-season106	2.792	2.714	2.005	3.451	2.762	2.446	2.869	2.421	2.161	2.802	2.177	2.493	2.765	2.868	2.794	2.752	2.727	2.738	1.796	2.248	2.661	2.843	2.556	3.102	2.536	2.868	2.167	2.879	2.587	2.616	3.488	2.6057	1624831.0	1482952.883913
sub-season107	2.725	2.739	2.081	3.465	2.803	2.586	3.071	2.355	2.328	2.823	2.272	2.605	3.017	3.073	2.582	3.043	3.144	2.636	1.821	2.266	2.671	2.737	2.512	2.892	2.692	2.963	2.358	3.038	2.841	2.487	3.408	2.69784	1762574.0	1540944.436115
sub-season108	2.87	2.832	2.149	3.145	2.881	2.577	2.84	2.597	2.083	2.891	2.119	2.654	2.941	3.817	2.554	2.761	2.934	2.791	1.718	2.191	2.478	2.753	2.513	3.481	2.633	2.919	2.259	2.934	2.609	2.685	3.225	2.63578	1608348.0	1453691.045969
sub-season109	2.785	2.86	2.278	3.861	2.828	2.772	3.052	2.638	2.512	3.005	2.327	2.689	3.168	2.716	2.828	3.055	3.167	2.734	2.006	2.439	2.535	3.02	2.697	2.861	2.795	3.077	2.47	3.103	2.772	2.99	3.539	2.81331	2116975.0	1949204.264928
sub-season110	3.172	2.863	1.988	3.48	2.945	2.591	2.865	2.702	2.278	2.958	2.13	2.594	2.898	2.87	2.77	2.824	2.892	2.519	1.754	2.355	2.653	2.905	2.616	3.201	2.629	3.077	2.366	3.167	2.721	2.895	3.293	2.71154	1728574.0	1545647.495434
sub-season111	2.69	2.736	2.148	3.2	2.733	2.503	2.779	2.308	2.259	2.96	2.061	2.496	2.94	3.008	2.516	2.885	2.949	2.69	1.962	2.183	2.35	2.797	2.437	2.89	2.626	2.848	2.305	2.973	2.656	2.446	3.184	2.61389	1887219.0	1820797.057342
sub-season112	2.541	2.556	1.915	3.44	2.618	2.304	2.61	2.305	2.048	2.666	1.969	2.373	2.649	3.01	2.607	2.484	2.931	2.377	1.741	2.174	2.564	2.732	2.448	2.821	2.4	2.637	2.126	2.866	2.377	2.455	3.155	2.46517	1986596.0	1855650.512396
sub-season114	3.198	2.858	2.019	3.394	3.019	2.619	2.98	2.524	2.164	3.069	2.066	2.948	3.094	3.059	2.737	3.09	2.727	2.613	1.517	2.217	2.886	2.848	2.51	3.231	2.751	2.93	2.33	3.025	2.726	2.439	3.602	2.71237	1589934.0	1453974.037606
sub-season116	2.719	2.781	1.954	3.27	2.768	2.554	2.76	2.487	2.21	2.759	2.008	2.602	2.883	2.586	2.51	2.95	3.109	2.653	1.855	2.131	2.562	2.811	2.387	3.135	2.684	2.891	2.193	2.87	2.562	2.262	3.385	2.60008	1864222.0	1656987.75507
sub-season117	2.655	2.595	1.976	3.821	2.752	2.464	2.964	2.189	2.321	2.949	2.197	2.537	2.679	3.452	2.65	2.92	2.828	2.709	1.811	1.989	2.621	2.742	2.38	2.811	2.572	2.837	2.239	3.102	2.658	2.52	3.556	2.62427	2004035.0	1887383.587011
sub-season119	2.919	2.772	2.276	3.703	2.83	2.69	2.834	2.376	2.316	2.854	2.271	2.601	2.891	3.03	2.834	2.785	2.392	2.622	2.077	2.403	2.821	2.995	2.671	3.154	2.604	2.929	2.385	3.04	2.687	2.974	3.462	2.72031	1696676.0	1569429.750095
sub-season120	2.902	2.749	2.1	3.325	2.779	2.559	2.915	2.429	2.362	2.705	2.326	2.518	2.8	2.877	2.881	2.941	2.838	2.578	1.776	2.398	2.65	2.937	2.625	3.0	2.547	2.898	2.46	3.113	2.817	3.057	3.417	2.70578	1847717.0	1664683.598266
sub-season121	2.773	2.818	2.171	3.761	2.674	2.63	2.937	2.519	2.278	2.847	2.313	2.567	3.011	3.537	2.597	2.868	3.029	2.692	1.823	2.307	2.585	2.813	2.473	2.937	2.688	2.782	2.359	2.976	2.685	2.761	3.525	2.65879	2008369.0	1897894.403667
sub-season122	2.816	3.019	2.21	3.585	2.784	2.592	2.955	2.388	2.257	2.912	2.201	2.661	2.963	2.9	2.66	3.057	2.847	2.611	1.885	2.416	2.595	3.02	2.486	2.766	2.635	2.955	2.361	2.954	2.829	3.006	3.463	2.71649	1880815.0	1805189.790401
sub-season123	2.832	2.766	2.115	3.36	2.739	2.554	2.833	2.457	2.242	2.802	2.247	2.444	2.818	2.405	2.65	2.882	2.847	2.772	1.826	2.24	2.761	2.746	2.604	2.795	2.652	2.872	2.364	3.015	2.729	2.612	3.394	2.65036	2039640.0	1849012.463256
sub-season124	3.124	2.758	2.36	3.346	2.963	2.73	3.039	2.595	2.478	2.717	2.238	2.87	3.07	3.079	2.844	2.791	3.173	2.679	1.889	2.36	2.592	2.934	2.762	3.575	2.736	3.035	2.538	3.168	2.868	2.528	3.806	2.79715	1783291.0	1690958.095541
sub-season125	3.053	2.684	2.108	3.368	2.922	2.526	3.059	2.572	2.323	2.896	2.201	2.654	2.833	2.536	2.659	2.967	3.044	2.618	1.916	2.361	3.018	2.896	2.547	3.053	2.491	2.874	2.396	3.156	2.811	2.973	3.443	2.69976	1824819.0	1602272.803847
sub-season126	2.697	2.597	2.209	3.31	2.8	2.492	2.8	2.433	2.211	2.784	2.234	2.643	2.734	2.879	2.618	2.806	2.764	2.745	2.001	2.137	2.699	2.594	2.515	2.808	2.577	2.717	2.226	2.981	2.497	2.675	3.206	2.57546	1753096.0	1661498.478944
sub-season127	2.729	2.931	2.133	3.167	2.864	2.646	2.918	2.315	2.296	2.908	2.213	2.461	2.992	2.975	2.734	2.972	2.771	2.656	2.012	2.409	2.648	2.963	2.547	2.957	2.589	2.79	2.369	2.882	2.649	2.584	3.334	2.67443	1909443.0	1783880.913517
sub-season128	2.877	2.648	2.067	3.378	2.697	2.473	2.861	2.401	2.172	2.878	2.211	2.431	2.657	3.171	2.577	2.744	3.067	2.715	1.881	2.245	2.441	2.768	2.56	2.916	2.496	2.802	2.402	2.742	2.685	2.558	3.372	2.5844	1696295.0	1630717.95911
sub-season129	2.773	2.781	2.209	3.186	2.725	2.712	2.699	2.303	2.334	2.838	2.1	2.466	2.987	3.192	2.654	2.713	3.003	2.567	1.987	2.371	2.647	2.723	2.552	2.893	2.593	2.726	2.325	2.989	2.879	2.758	3.304	2.6521	1647904.0	1503300.398544
sub-season130	2.636	2.666	2.38	3.674	2.909	2.595	2.913	2.38	2.45	2.999	2.266	2.633	3.026	2.971	2.634	2.907	3.107	2.608	1.862	2.359	2.672	2.901	2.64	3.11	2.579	2.902	2.515	3.266	2.776	3.008	3.457	2.74407	1757452.0	1536729.309148
sub-season131	2.821	2.642	1.936	3.668	2.725	2.384	2.896	2.33	2.082	2.79	2.078	2.573	2.923	2.755	2.547	2.663	2.726	2.494	1.711	2.118	2.554	2.76	2.484	2.913	2.335	2.756	2.153	2.99	2.509	2.482	3.341	2.55116	1921984.0	1770893.529474
sub-season132	2.56	2.666	2.234	3.569	2.869	2.62	2.911	2.251	2.267	2.953	2.302	2.537	2.832	2.812	2.722	2.766	3.064	2.739	1.971	2.378	2.623	2.906	2.731	2.895	2.613	2.829	2.421	3.015	2.628	2.92	3.593	2.67829	1452157.0	1439867.91904
sub-season133	2.888	2.901	2.171	3.596	2.76	2.724	2.973	2.464	2.457	2.731	2.151	2.539	3.055	2.91	2.898	2.713	2.796	2.706	1.798	2.464	2.589	2.972	2.542	2.964	2.586	2.924	2.376	3.096	2.656	2.648	3.531	2.71685	1700360.0	1525489.052102
sub-season134	2.803	2.953	2.085	3.535	2.941	2.667	2.834	2.416	2.335	2.91	2.327	2.579	2.946	3.11	2.763	2.928	3.166	2.702	1.879	2.331	2.631	2.927	2.526	2.794	2.594	2.966	2.347	3.118	2.693	2.783	3.49	2.72893	1911721.0	1823397.722049
sub-season135	2.829	2.933	2.175	3.234	2.883	2.73	3.003	2.489	2.551	2.885	2.162	2.688	2.958	3.222	2.884	2.999	3.046	2.746	1.984	2.348	2.926	2.959	2.615	2.966	2.71	3.055	2.531	3.216	2.811	2.896	3.462	2.79306	1745319.0	1610476.458085
sub-season136	2.95	2.852	2.073	3.399	2.697	2.597	2.866	2.533	2.334	2.824	2.007	2.641	2.962	3.184	2.723	2.817	3.23	2.695	1.697	2.316	2.717	2.869	2.485	2.959	2.698	2.965	2.461	3.076	2.828	2.494	3.495	2.70625	1513888.0	1035253.679693
sub-season137	2.872	2.606	2.367	3.343	2.947	2.655	2.969	2.603	2.407	2.827	2.338	2.719	2.885	3.251	2.801	2.776	3.076	2.621	2.111	2.261	2.601	2.829	2.667	3.168	2.472	2.823	2.492	3.025	2.878	2.505	3.291	2.70435	1685920.0	1477723.11448
sub-season138	2.753	3.022	2.169	3.628	2.887	2.638	3.245	2.454	2.248	2.978	2.211	2.545	3.048	3.098	2.649	2.894	3.033	2.701	1.786	2.199	2.696	2.915	2.537	3.064	2.656	3.038	2.444	3.207	2.869	2.533	3.476	2.75151	1628419.0	1579182.412506
sub-season139	2.682	2.699	1.984	3.621	2.655	2.372	2.937	2.282	2.095	2.712	2.052	2.395	2.88	2.842	2.408	2.901	2.678	2.494	1.63	2.043	2.506	2.749	2.392	2.798	2.611	2.774	2.197	2.899	2.413	2.475	3.254	2.53326	1786268.0	1746086.487966
sub-season202	2.993	2.777	1.962	3.502	2.732	2.536	2.831	2.62	2.104	2.86	2.134	2.822	2.722	3.142	2.581	2.966	3.116	2.644	1.968	2.29	2.685	2.824	2.455	2.951	2.582	2.79	2.247	2.963	2.617	2.32	3.591	2.63502	2095322.0	1918579.22066
sub-season204	2.708	2.591	1.93	3.485	2.71	2.59	2.768	2.357	2.157	2.731	2.063	2.68	2.727	2.61	2.538	2.609	2.582	2.546	1.64	2.158	2.716	2.784	2.386	2.8	2.427	2.711	2.3	2.968	2.603	2.583	3.222	2.54461	1719575.0	1568138.208178
sub-season206	2.879	2.783	2.113	3.342	2.853	2.64	2.817	2.72	2.281	2.876	1.997	2.611	2.885	2.961	2.623	2.819	2.871	2.695	1.758	2.237	2.766	2.79	2.68	3.131	2.717	2.885	2.265	2.947	2.712	2.613	3.444	2.67189	1487934.0	1382261.885581
sub-season207	2.891	2.791	1.933	3.059	2.749	2.483	2.841	2.312	2.316	2.718	1.984	2.464	3.008	3.163	2.63	3.005	2.87	2.53	1.825	2.154	2.551	2.875	2.543	3.011	2.63	2.907	2.324	3.009	2.752	2.942	3.4	2.65176	1919834.0	1640301.685756
sub-season208	2.718	2.782	1.989	3.431	2.813	2.624	2.954	2.698	2.169	2.946	2.222	2.518	3.026	3.191	2.592	2.777	2.805	2.868	1.808	2.203	2.628	2.911	2.51	2.985	2.7	3.013	2.39	3.193	2.692	3.012	3.365	2.70001	1633149.0	1505901.552608
sub-season211	3.067	2.887	2.157	2.985	2.926	2.695	2.809	2.645	2.337	2.737	2.198	2.537	2.835	3.324	2.749	2.78	2.703	2.585	1.709	2.26	2.806	2.74	2.527	3.154	2.563	2.842	2.363	2.948	2.626	2.851	3.183	2.64126	1540490.0	1299692.665252
sub-season212	2.672	2.659	1.997	3.537	2.667	2.343	2.73	2.31	2.152	2.795	2.139	2.175	2.741	2.773	2.575	2.621	2.859	2.534	1.755	2.202	2.493	2.693	2.453	3.062	2.517	2.723	2.182	2.942	2.637	2.837	3.185	2.54374	1575179.0	1434554.310664
sub-season213	2.796	2.827	2.206	3.833	2.824	2.529	3.101	2.414	2.383	2.803	2.312	2.656	2.902	2.716	2.678	2.699	2.966	2.664	2.001	2.258	2.697	2.81	2.6	2.947	2.69	2.863	2.36	3.11	2.705	2.586	3.273	2.6846	2024520.0	1826968.556586
sub-season214	2.894	3.034	2.28	3.583	2.832	2.705	3.022	2.406	2.493	3.124	2.203	2.494	3.121	2.657	2.875	3.098	3.066	2.821	1.996	2.405	2.88	3.134	2.772	2.932	2.876	3.14	2.575	3.222	2.852	2.997	3.342	2.84541	1769868.0	1559496.726243
sub-season215	2.554	2.745	2.141	3.114	2.841	2.428	2.957	2.41	2.318	2.797	2.158	2.775	2.976	2.725	2.492	2.819	2.861	2.576	1.85	2.15	2.454	2.818	2.415	2.931	2.534	2.931	2.259	2.845	2.712	2.309	3.427	2.62215	1993619.0	1891248.65278
sub-season216	2.885	2.907	2.168	3.655	2.884	2.726	2.908	2.268	2.412	3.002	2.314	2.681	3.075	3.236	2.981	2.797	3.106	2.848	2.113	2.352	2.471	3.047	2.702	3.363	2.652	2.968	2.589	3.083	2.786	2.803	3.589	2.78591	1682732.0	1571693.261147
sub-season217	2.816	2.729	2.053	3.755	2.766	2.506	2.958	2.477	2.114	2.793	2.09	2.516	2.866	2.565	2.732	2.793	2.559	2.687	1.938	2.191	2.74	2.814	2.462	3.106	2.503	2.786	2.311	3.086	2.553	2.792	3.467	2.62024	1587034.0	1510038.192549
