lh.aparc.volume	lh_bankssts_volume	lh_caudalanteriorcingulate_volume	lh_caudalmiddlefrontal_volume	lh_cuneus_volume	lh_entorhinal_volume	lh_fusiform_volume	lh_inferiorparietal_volume	lh_inferiortemporal_volume	lh_isthmuscingulate_volume	lh_lateraloccipital_volume	lh_lateralorbitofrontal_volume	lh_lingual_volume	lh_medialorbitofrontal_volume	lh_middletemporal_volume	lh_parahippocampal_volume	lh_paracentral_volume	lh_parsopercularis_volume	lh_parsorbitalis_volume	lh_parstriangularis_volume	lh_pericalcarine_volume	lh_postcentral_volume	lh_posteriorcingulate_volume	lh_precentral_volume	lh_precuneus_volume	lh_rostralanteriorcingulate_volume	lh_rostralmiddlefrontal_volume	lh_superiorfrontal_volume	lh_superiorparietal_volume	lh_superiortemporal_volume	lh_supramarginal_volume	lh_frontalpole_volume	lh_temporalpole_volume	lh_transversetemporal_volume	lh_insula_volume	BrainSegVolNotVent	eTIV
sub-season101	1725.0	1222.0	6136.0	3296.0	2082.0	8023.0	8592.0	9287.0	2050.0	11944.0	7591.0	6905.0	4886.0	10569.0	1923.0	4262.0	5074.0	2356.0	4824.0	1787.0	10203.0	3255.0	12713.0	8845.0	1985.0	15958.0	25434.0	12637.0	11717.0	12064.0	1427.0	3463.0	1582.0	7120.0	1564505.0	1381338.856958
sub-season102	2931.0	2529.0	8022.0	3880.0	1832.0	11711.0	14516.0	12834.0	3244.0	14918.0	9699.0	8297.0	6477.0	13500.0	2253.0	4404.0	7887.0	3496.0	5794.0	2740.0	10261.0	3999.0	16848.0	12329.0	2921.0	20301.0	26604.0	17521.0	15270.0	13199.0	1209.0	2726.0	1745.0	8316.0	2019594.0	1844670.123623
sub-season103	2472.0	1593.0	6728.0	2145.0	1653.0	8004.0	11599.0	8871.0	2786.0	10226.0	7414.0	6938.0	4996.0	10823.0	2014.0	3686.0	5852.0	2566.0	4146.0	1372.0	8852.0	3012.0	15914.0	8661.0	2706.0	16976.0	25242.0	13416.0	12089.0	12837.0	1418.0	2999.0	1225.0	6717.0	1610298.0	1456061.200256
sub-season104	2624.0	2063.0	5885.0	3811.0	2485.0	11143.0	14165.0	11508.0	2139.0	14542.0	8922.0	8174.0	4948.0	12608.0	2650.0	3728.0	5878.0	3299.0	3783.0	2026.0	9388.0	2718.0	14276.0	11396.0	2556.0	20028.0	26166.0	17633.0	15331.0	11155.0	1464.0	3255.0	1561.0	8276.0	1759065.0	1579786.950392
sub-season105	2767.0	1561.0	5219.0	2741.0	1790.0	10358.0	12448.0	12092.0	2585.0	10917.0	7819.0	7272.0	4787.0	10789.0	1933.0	3916.0	4790.0	2836.0	4415.0	1994.0	8956.0	2347.0	14541.0	11136.0	1929.0	16315.0	28208.0	17380.0	14671.0	16873.0	1583.0	2143.0	1725.0	7871.0	1659168.0	1562659.338937
sub-season106	2162.0	2266.0	7777.0	2610.0	1892.0	11242.0	12803.0	9640.0	2429.0	11664.0	8912.0	6994.0	5716.0	11061.0	2090.0	4527.0	5540.0	2444.0	4115.0	1765.0	10788.0	4180.0	13689.0	9423.0	2611.0	16922.0	23566.0	14035.0	12382.0	10081.0	1210.0	2786.0	1294.0	7198.0	1628347.0	1491867.942883
sub-season107	3424.0	1869.0	5700.0	3151.0	2374.0	9834.0	14825.0	10856.0	2744.0	11679.0	8873.0	7357.0	5486.0	11539.0	2285.0	4106.0	5336.0	2886.0	4025.0	2066.0	10304.0	3838.0	13433.0	9649.0	3134.0	18581.0	28770.0	11529.0	13395.0	12078.0	1380.0	2704.0	1258.0	8444.0	1782750.0	1531825.373854
sub-season108	1861.0	1348.0	8201.0	2996.0	1893.0	8610.0	11869.0	10366.0	2775.0	12204.0	8538.0	7400.0	5919.0	11722.0	2398.0	3630.0	4363.0	2288.0	4211.0	2198.0	8955.0	2816.0	13368.0	8404.0	2379.0	16962.0	26885.0	12220.0	11150.0	8329.0	1680.0	3548.0	1549.0	7131.0	1592943.0	1440808.605024
sub-season109	3130.0	2432.0	9478.0	4220.0	2328.0	11982.0	17762.0	16474.0	3698.0	19073.0	10146.0	9126.0	6853.0	17780.0	2135.0	3637.0	7169.0	3698.0	5045.0	3033.0	13178.0	4446.0	19083.0	12887.0	3142.0	20959.0	30640.0	15295.0	16899.0	15123.0	1351.0	2464.0	1890.0	9081.0	2127492.0	1955159.142595
sub-season110	3490.0	1712.0	8416.0	3011.0	2060.0	10501.0	12697.0	11562.0	3141.0	12174.0	8009.0	7437.0	5846.0	11828.0	2158.0	4228.0	5136.0	3063.0	3217.0	2912.0	10111.0	3412.0	14019.0	14145.0	3602.0	17812.0	28878.0	17404.0	14229.0	12886.0	1430.0	3159.0	1551.0	6946.0	1732844.0	1526380.723924
sub-season111	2936.0	1893.0	7102.0	3684.0	2883.0	11203.0	12696.0	10656.0	2779.0	13065.0	8616.0	7108.0	4330.0	13612.0	2877.0	4202.0	5449.0	2551.0	4024.0	3255.0	12597.0	3367.0	17129.0	11141.0	2769.0	17191.0	27898.0	14286.0	13052.0	13928.0	1315.0	3173.0	1706.0	9041.0	1899669.0	1839944.701833
sub-season112	2252.0	1561.0	7907.0	3662.0	2817.0	10976.0	12593.0	14081.0	3043.0	12601.0	8757.0	7739.0	5630.0	12296.0	2539.0	4031.0	6117.0	2582.0	3453.0	2361.0	12776.0	3205.0	19495.0	11715.0	3111.0	17828.0	27679.0	15715.0	15472.0	11844.0	1200.0	3459.0	1561.0	7688.0	1991731.0	1866319.603862
sub-season114	3017.0	1257.0	5730.0	2544.0	1963.0	10579.0	13128.0	10402.0	2647.0	11968.0	6917.0	5662.0	5844.0	12598.0	1833.0	3917.0	5035.0	2443.0	3243.0	1235.0	9236.0	3498.0	14954.0	10300.0	864.0	14151.0	30410.0	14228.0	13077.0	11754.0	1900.0	3955.0	1374.0	7640.0	1594501.0	1463036.570722
sub-season116	2793.0	1830.0	7897.0	3367.0	1572.0	11742.0	11773.0	11191.0	3040.0	12184.0	8150.0	6847.0	4583.0	14466.0	1932.0	3519.0	5648.0	2879.0	4553.0	2607.0	9849.0	3632.0	14654.0	10174.0	2864.0	18678.0	28635.0	13505.0	14364.0	13792.0	1159.0	2520.0	1382.0	9041.0	1853772.0	1647607.876188
sub-season117	2308.0	1834.0	6172.0	2889.0	3230.0	9690.0	12460.0	18212.0	2322.0	15270.0	8955.0	7548.0	6463.0	11345.0	2962.0	4853.0	4840.0	2842.0	4501.0	1812.0	8808.0	4700.0	16776.0	11615.0	3657.0	20568.0	29836.0	15274.0	14638.0	11815.0	1181.0	3183.0	1449.0	7797.0	2020812.0	1881811.932601
sub-season119	2579.0	2022.0	5325.0	3502.0	2655.0	11182.0	15769.0	12479.0	2204.0	13652.0	8407.0	5687.0	5830.0	12071.0	2125.0	4110.0	4599.0	2018.0	3578.0	2122.0	9317.0	3598.0	13868.0	11172.0	2383.0	14907.0	26089.0	13774.0	12170.0	11447.0	1464.0	3269.0	1305.0	7898.0	1670736.0	1562273.317563
sub-season120	2352.0	1582.0	7222.0	3554.0	1400.0	10164.0	12494.0	13116.0	2693.0	15414.0	9594.0	6366.0	5727.0	13155.0	2074.0	4417.0	5217.0	2882.0	5211.0	1634.0	10378.0	2780.0	15479.0	10300.0	2770.0	19442.0	33230.0	15207.0	13906.0	12779.0	1419.0	2733.0	1663.0	8212.0	1868388.0	1666242.769937
sub-season121	3618.0	2653.0	7518.0	4770.0	2427.0	10624.0	18570.0	15048.0	4663.0	16579.0	9914.0	9380.0	6348.0	13023.0	2963.0	3814.0	5324.0	3839.0	4797.0	3216.0	14000.0	3837.0	19692.0	12797.0	2769.0	19226.0	29490.0	17482.0	13695.0	13129.0	1417.0	2910.0	1415.0	9402.0	2013998.0	1888531.516722
sub-season122	2897.0	1651.0	8370.0	3273.0	2231.0	8855.0	12994.0	16043.0	3147.0	12555.0	9752.0	7522.0	5947.0	12956.0	2425.0	4317.0	6449.0	2537.0	4923.0	1949.0	11531.0	4576.0	15193.0	12891.0	3704.0	19901.0	32344.0	16005.0	13315.0	14246.0	1461.0	2700.0	1758.0	8682.0	1875626.0	1800090.211769
sub-season123	2699.0	1921.0	8404.0	3980.0	2264.0	9797.0	13159.0	12949.0	3763.0	14928.0	9782.0	9141.0	7179.0	15983.0	2019.0	4642.0	7914.0	3257.0	5864.0	2885.0	10492.0	2957.0	17119.0	11876.0	4682.0	18698.0	28318.0	15392.0	19655.0	15430.0	1220.0	2825.0	1880.0	9362.0	2050727.0	1859570.015429
sub-season124	3295.0	1308.0	4663.0	4202.0	2437.0	12051.0	16202.0	12395.0	2783.0	18145.0	9054.0	7149.0	5373.0	13159.0	2414.0	3681.0	4421.0	3037.0	4215.0	1918.0	9790.0	3191.0	14137.0	11295.0	2392.0	18948.0	26581.0	15576.0	16313.0	11390.0	1163.0	3045.0	1621.0	8106.0	1800721.0	1690908.580525
sub-season125	3292.0	2003.0	8491.0	4023.0	2436.0	11687.0	15380.0	13534.0	2265.0	17089.0	8377.0	7975.0	5759.0	11301.0	2288.0	4620.0	6314.0	3109.0	4953.0	2226.0	11640.0	3896.0	16306.0	12804.0	3228.0	17741.0	28925.0	13455.0	16728.0	11731.0	1753.0	3472.0	1653.0	8177.0	1832870.0	1608718.911125
sub-season126	2437.0	1888.0	7596.0	3213.0	2018.0	10275.0	11826.0	11347.0	2508.0	13556.0	8499.0	8541.0	6261.0	10849.0	1900.0	4312.0	4287.0	2398.0	4321.0	2420.0	10835.0	3549.0	15994.0	11380.0	2302.0	18041.0	26284.0	13714.0	13698.0	12753.0	1469.0	3649.0	1547.0	8831.0	1740868.0	1664326.550661
sub-season127	2764.0	2676.0	6821.0	4051.0	2148.0	11464.0	15013.0	14165.0	3001.0	14392.0	9205.0	8321.0	4449.0	13713.0	2097.0	4243.0	7053.0	3647.0	5017.0	2908.0	11659.0	4394.0	16786.0	10856.0	3920.0	19443.0	27796.0	14561.0	14517.0	12982.0	1383.0	2804.0	1878.0	9088.0	1922793.0	1788638.710277
sub-season128	2268.0	2597.0	6323.0	3610.0	2466.0	10677.0	10284.0	11351.0	2841.0	12269.0	8467.0	7994.0	5797.0	10118.0	2199.0	3853.0	5599.0	2466.0	5960.0	2630.0	13744.0	2990.0	14603.0	10676.0	2979.0	16624.0	20582.0	15581.0	11888.0	12833.0	1156.0	3294.0	1470.0	8284.0	1698582.0	1630272.864062
sub-season129	3379.0	1771.0	6718.0	3506.0	1654.0	8937.0	13552.0	10317.0	2637.0	14508.0	8955.0	6790.0	5193.0	12538.0	2236.0	4226.0	5275.0	3225.0	4075.0	2353.0	11096.0	3685.0	13294.0	9572.0	2706.0	16062.0	25136.0	11213.0	13050.0	12033.0	1358.0	2955.0	1517.0	8504.0	1648872.0	1500330.289239
sub-season130	3060.0	1902.0	6341.0	4100.0	2914.0	10467.0	14300.0	12232.0	2818.0	15148.0	8981.0	7363.0	6868.0	13542.0	2003.0	4325.0	6074.0	3725.0	4540.0	2443.0	10255.0	3488.0	14943.0	12042.0	2298.0	17399.0	25408.0	14717.0	15880.0	11202.0	1694.0	3330.0	1509.0	9472.0	1776542.0	1550210.219428
sub-season131	3466.0	1575.0	9123.0	2826.0	2463.0	12281.0	15268.0	13215.0	3015.0	14002.0	9767.0	7953.0	7006.0	13440.0	2379.0	3918.0	6242.0	2407.0	3660.0	2329.0	9660.0	3121.0	16015.0	10625.0	3018.0	17431.0	26373.0	12067.0	15332.0	13268.0	1373.0	2415.0	1315.0	7209.0	1924837.0	1769658.917433
sub-season132	1881.0	1197.0	6282.0	3694.0	1986.0	9409.0	10847.0	9305.0	1803.0	12524.0	7106.0	7085.0	4590.0	9095.0	1623.0	3342.0	5088.0	2087.0	4013.0	2143.0	8704.0	2316.0	13189.0	10448.0	1417.0	15675.0	23666.0	14318.0	12122.0	10628.0	1831.0	3100.0	1945.0	7499.0	1468198.0	1438778.843677
sub-season133	2532.0	1784.0	6887.0	3577.0	2148.0	10127.0	12491.0	8069.0	2971.0	14663.0	8431.0	6816.0	5227.0	11509.0	1797.0	4412.0	6247.0	3199.0	4910.0	2296.0	11445.0	3237.0	15822.0	11206.0	2861.0	16811.0	28206.0	12424.0	13914.0	11772.0	1213.0	3079.0	1641.0	8333.0	1720390.0	1525111.068804
sub-season134	3405.0	1342.0	7785.0	3406.0	4146.0	12311.0	14885.0	12392.0	3541.0	13565.0	11552.0	8316.0	6345.0	13487.0	2896.0	4385.0	7932.0	4309.0	5503.0	2443.0	12610.0	3291.0	16607.0	10627.0	2053.0	17483.0	31726.0	15522.0	14991.0	14879.0	1765.0	4475.0	2286.0	8888.0	1889041.0	1801835.406833
sub-season135	3115.0	1063.0	7036.0	3306.0	2638.0	10329.0	12695.0	10207.0	2231.0	13716.0	9559.0	5604.0	5518.0	10510.0	2066.0	4104.0	7303.0	3215.0	5241.0	1824.0	10072.0	2830.0	14182.0	12842.0	2386.0	14317.0	24529.0	16709.0	14362.0	12077.0	1745.0	3861.0	1830.0	8119.0	1740537.0	1616004.375605
sub-season136	2563.0	1321.0	5671.0	2730.0	1673.0	9917.0	11649.0	11007.0	2221.0	12626.0	7003.0	5252.0	5091.0	11924.0	2379.0	3819.0	4949.0	2807.0	4499.0	1435.0	8881.0	2710.0	12173.0	9878.0	1960.0	14105.0	24952.0	14413.0	11613.0	10839.0	1715.0	3253.0	1015.0	7188.0	1508104.0	1034049.470323
sub-season137	1913.0	2034.0	4775.0	4134.0	1712.0	10742.0	12054.0	11701.0	2693.0	14144.0	8194.0	8194.0	5744.0	11275.0	2252.0	3638.0	5029.0	2780.0	4111.0	2622.0	9096.0	3361.0	14527.0	11255.0	2503.0	14034.0	26151.0	14021.0	12928.0	11751.0	1266.0	2433.0	1439.0	8083.0	1685494.0	1491167.008964
sub-season138	3059.0	1810.0	7906.0	3398.0	1664.0	10136.0	11865.0	13594.0	2632.0	11118.0	8442.0	6507.0	4752.0	12267.0	2118.0	3627.0	7199.0	3398.0	5673.0	1751.0	9525.0	3454.0	13435.0	10886.0	1969.0	14733.0	24065.0	14204.0	15542.0	11521.0	1260.0	2188.0	1194.0	7581.0	1653842.0	1590894.208128
sub-season139	2304.0	2513.0	6791.0	2700.0	3123.0	9492.0	11072.0	11919.0	2844.0	12000.0	7820.0	7646.0	5806.0	11371.0	2353.0	3565.0	4882.0	2312.0	3688.0	1690.0	9100.0	2871.0	13853.0	10298.0	2842.0	17337.0	28170.0	15416.0	13542.0	16926.0	1370.0	2800.0	1472.0	8323.0	1798038.0	1604331.700794
sub-season202	2459.0	2445.0	9634.0	2754.0	4471.0	11993.0	15102.0	15677.0	4094.0	14219.0	11987.0	7220.0	5569.0	13119.0	3145.0	4448.0	6693.0	3785.0	5445.0	2035.0	13796.0	4612.0	15941.0	13616.0	4568.0	20907.0	31439.0	16556.0	17104.0	16629.0	1319.0	3080.0	1772.0	11570.0	2092033.0	1916711.049653
sub-season204	1549.0	2219.0	7107.0	3626.0	2170.0	8390.0	11913.0	9368.0	2801.0	10730.0	9429.0	7450.0	5471.0	10530.0	1996.0	3929.0	4640.0	3006.0	4058.0	2263.0	10153.0	3736.0	14060.0	12158.0	3089.0	16479.0	25527.0	13622.0	14646.0	14193.0	988.0	2603.0	1752.0	9318.0	1699540.0	1570270.031681
sub-season206	2501.0	1491.0	4979.0	2493.0	1906.0	9924.0	12888.0	10256.0	2446.0	10707.0	6453.0	5320.0	4756.0	10633.0	2387.0	3543.0	4468.0	2410.0	3485.0	1618.0	9518.0	2872.0	13391.0	9145.0	1802.0	13945.0	23867.0	12580.0	11102.0	12511.0	1487.0	3583.0	1200.0	7746.0	1468948.0	1383391.526081
sub-season207	2943.0	1737.0	7220.0	2432.0	2324.0	11568.0	15734.0	11805.0	2987.0	13459.0	9131.0	6603.0	5657.0	14253.0	2140.0	3937.0	5663.0	2528.0	5005.0	2239.0	8405.0	3943.0	15437.0	11836.0	3199.0	19859.0	28776.0	15716.0	15501.0	13882.0	1028.0	2377.0	1673.0	8831.0	1922918.0	1644214.533657
sub-season208	2398.0	1834.0	6042.0	2939.0	2245.0	10565.0	9893.0	9922.0	3124.0	11175.0	8799.0	6949.0	5565.0	12336.0	2217.0	3913.0	5029.0	2855.0	5649.0	2196.0	9793.0	4301.0	14689.0	10014.0	2639.0	16232.0	28001.0	13257.0	12913.0	12249.0	1763.0	3479.0	1712.0	8356.0	1641376.0	1503990.502993
sub-season211	1662.0	1103.0	6722.0	3842.0	2053.0	9681.0	10826.0	8739.0	2433.0	13865.0	7128.0	6787.0	6091.0	10318.0	2287.0	4237.0	5130.0	2335.0	4337.0	1961.0	9413.0	2738.0	13966.0	9761.0	1515.0	14111.0	25521.0	15560.0	10721.0	9685.0	1463.0	3277.0	1615.0	6535.0	1553085.0	1286875.354328
sub-season212	2542.0	2443.0	7106.0	3221.0	1774.0	9270.0	11084.0	9874.0	2836.0	10470.0	8561.0	5961.0	4412.0	11056.0	1906.0	3719.0	3996.0	2755.0	3317.0	1911.0	9820.0	3195.0	14597.0	8995.0	3104.0	15152.0	23225.0	12605.0	12647.0	11710.0	1249.0	2741.0	1302.0	6742.0	1572130.0	1442746.017587
sub-season213	2805.0	2305.0	7803.0	4318.0	2269.0	12864.0	15910.0	16462.0	3441.0	18500.0	9509.0	9157.0	5529.0	12797.0	1978.0	4530.0	7585.0	2963.0	5300.0	3451.0	11402.0	5087.0	17131.0	13076.0	3953.0	21757.0	28825.0	16158.0	17063.0	14056.0	1521.0	2892.0	1807.0	8588.0	2045996.0	1832589.980648
sub-season214	2153.0	2509.0	6868.0	3100.0	2064.0	10171.0	12157.0	10336.0	1778.0	15541.0	9207.0	6419.0	6010.0	12799.0	2309.0	5334.0	5515.0	3368.0	4373.0	1948.0	10785.0	2979.0	14268.0	10923.0	3097.0	19056.0	29962.0	16860.0	14009.0	14647.0	1850.0	3147.0	1632.0	8525.0	1765975.0	1545556.131925
sub-season215	3541.0	1711.0	7776.0	3709.0	2382.0	11746.0	13586.0	12102.0	3973.0	16449.0	9512.0	8393.0	7656.0	17229.0	1745.0	3862.0	6238.0	3084.0	5692.0	2745.0	11524.0	4492.0	14855.0	9637.0	2232.0	22257.0	30755.0	14839.0	16421.0	15504.0	1624.0	2780.0	1664.0	8018.0	2007393.0	1890353.443068
sub-season216	2280.0	1998.0	6696.0	3134.0	2113.0	8429.0	11531.0	8061.0	2201.0	12363.0	7728.0	7886.0	4594.0	10088.0	2253.0	4640.0	4703.0	2435.0	4091.0	2134.0	8708.0	3501.0	14260.0	8299.0	2763.0	14728.0	24746.0	12701.0	12327.0	9502.0	1041.0	2358.0	1332.0	7011.0	1686333.0	1565935.634338
sub-season217	3222.0	1523.0	6585.0	3087.0	2279.0	8494.0	10530.0	11527.0	2186.0	10148.0	7042.0	6315.0	5568.0	10087.0	1676.0	3253.0	4557.0	2128.0	3528.0	2409.0	8333.0	3698.0	13793.0	8403.0	2178.0	13411.0	23726.0	10977.0	13335.0	10168.0	1376.0	2974.0	1258.0	7707.0	1583567.0	1508800.304795
