rh.BA_exvivo.meancurv	rh_BA1_exvivo_meancurv	rh_BA2_exvivo_meancurv	rh_BA3a_exvivo_meancurv	rh_BA3b_exvivo_meancurv	rh_BA4a_exvivo_meancurv	rh_BA4p_exvivo_meancurv	rh_BA6_exvivo_meancurv	rh_BA44_exvivo_meancurv	rh_BA45_exvivo_meancurv	rh_V1_exvivo_meancurv	rh_V2_exvivo_meancurv	rh_MT_exvivo_meancurv	rh_perirhinal_exvivo_meancurv	rh_entorhinal_exvivo_meancurv	BrainSegVolNotVent	eTIV
sub-season101	0.092	0.087	0.094	0.078	0.073	0.07	0.095	0.095	0.109	0.1	0.127	0.087	0.099	0.144	1564505.0	1381338.856958
sub-season102	0.096	0.08	0.101	0.071	0.066	0.073	0.085	0.083	0.097	0.098	0.111	0.091	0.092	0.089	2019594.0	1844670.123623
sub-season103	0.113	0.084	0.101	0.083	0.07	0.075	0.081	0.095	0.1	0.105	0.112	0.098	0.095	0.109	1610298.0	1456061.200256
sub-season104	0.112	0.084	0.096	0.085	0.075	0.068	0.091	0.095	0.097	0.096	0.114	0.098	0.098	0.104	1759065.0	1579786.950392
sub-season105	0.126	0.08	0.11	0.083	0.078	0.087	0.098	0.095	0.104	0.103	0.115	0.106	0.137	0.075	1659168.0	1562659.338937
sub-season106	0.106	0.089	0.099	0.08	0.072	0.072	0.092	0.093	0.1	0.111	0.12	0.102	0.094	0.114	1628347.0	1491867.942883
sub-season107	0.113	0.084	0.1	0.072	0.067	0.067	0.09	0.098	0.104	0.111	0.124	0.093	0.101	0.106	1782750.0	1531825.373854
sub-season108	0.1	0.068	0.092	0.078	0.074	0.071	0.089	0.094	0.102	0.1	0.115	0.09	0.097	0.102	1592943.0	1440808.605024
sub-season109	0.094	0.072	0.094	0.069	0.056	0.065	0.083	0.086	0.095	0.1	0.106	0.097	0.095	0.079	2127492.0	1955159.142595
sub-season110	0.108	0.086	0.104	0.086	0.076	0.089	0.092	0.098	0.103	0.108	0.113	0.101	0.088	0.11	1732844.0	1526380.723924
sub-season111	0.108	0.088	0.101	0.073	0.065	0.072	0.08	0.082	0.098	0.103	0.116	0.085	0.095	0.086	1899669.0	1839944.701833
sub-season112	0.099	0.075	0.097	0.071	0.059	0.063	0.086	0.095	0.108	0.1	0.118	0.101	0.086	0.113	1991731.0	1866319.603862
sub-season114	0.107	0.074	0.092	0.079	0.076	0.067	0.088	0.096	0.1	0.098	0.12	0.098	0.082	0.106	1594501.0	1463036.570722
sub-season116	0.104	0.087	0.098	0.081	0.069	0.076	0.086	0.093	0.106	0.106	0.113	0.106	0.102	0.09	1853772.0	1647607.876188
sub-season117	0.1	0.091	0.096	0.077	0.075	0.076	0.092	0.093	0.106	0.102	0.121	0.109	0.083	0.133	2020812.0	1881811.932601
sub-season119	0.091	0.074	0.096	0.066	0.075	0.063	0.085	0.088	0.099	0.101	0.111	0.101	0.09	0.081	1670736.0	1562273.317563
sub-season120	0.105	0.08	0.098	0.066	0.065	0.067	0.087	0.09	0.101	0.106	0.111	0.099	0.102	0.127	1868388.0	1666242.769937
sub-season121	0.109	0.088	0.104	0.082	0.07	0.065	0.089	0.094	0.108	0.116	0.118	0.097	0.087	0.11	2013998.0	1888531.516722
sub-season122	0.101	0.07	0.097	0.073	0.067	0.068	0.085	0.086	0.094	0.106	0.117	0.086	0.081	0.068	1875626.0	1800090.211769
sub-season123	0.104	0.078	0.095	0.077	0.069	0.066	0.085	0.09	0.1	0.101	0.118	0.098	0.093	0.077	2050727.0	1859570.015429
sub-season124	0.1	0.075	0.103	0.088	0.08	0.08	0.093	0.096	0.1	0.099	0.119	0.089	0.099	0.125	1800721.0	1690908.580525
sub-season125	0.115	0.085	0.091	0.079	0.067	0.075	0.087	0.091	0.102	0.094	0.111	0.087	0.098	0.067	1832870.0	1608718.911125
sub-season126	0.106	0.085	0.106	0.074	0.074	0.076	0.094	0.093	0.108	0.105	0.115	0.095	0.106	0.115	1740868.0	1664326.550661
sub-season127	0.096	0.088	0.096	0.074	0.069	0.075	0.089	0.096	0.101	0.104	0.118	0.101	0.102	0.105	1922793.0	1788638.710277
sub-season128	0.113	0.087	0.082	0.084	0.074	0.071	0.089	0.089	0.106	0.118	0.116	0.108	0.09	0.098	1698582.0	1630272.864062
sub-season129	0.109	0.087	0.083	0.088	0.064	0.067	0.092	0.098	0.108	0.107	0.107	0.106	0.09	0.108	1648872.0	1500330.289239
sub-season130	0.104	0.087	0.091	0.078	0.068	0.08	0.092	0.091	0.105	0.096	0.106	0.086	0.11	0.065	1776542.0	1550210.219428
sub-season131	0.104	0.082	0.1	0.07	0.066	0.064	0.083	0.097	0.099	0.109	0.113	0.095	0.107	0.115	1924837.0	1769658.917433
sub-season132	0.114	0.089	0.092	0.082	0.065	0.078	0.095	0.094	0.099	0.104	0.113	0.094	0.12	0.093	1468198.0	1438778.843677
sub-season133	0.105	0.087	0.087	0.082	0.061	0.065	0.087	0.093	0.091	0.109	0.103	0.089	0.079	0.089	1720390.0	1525111.068804
sub-season134	0.107	0.073	0.086	0.078	0.068	0.065	0.089	0.089	0.101	0.1	0.109	0.092	0.109	0.126	1889041.0	1801835.406833
sub-season135	0.096	0.076	0.095	0.074	0.064	0.061	0.082	0.091	0.099	0.101	0.109	0.096	0.081	0.086	1740537.0	1616004.375605
sub-season136	0.129	0.082	0.11	0.082	0.069	0.071	0.092	0.096	0.105	0.093	0.12	0.088	0.104	0.118	1508104.0	1034049.470323
sub-season137	0.106	0.076	0.101	0.069	0.069	0.066	0.09	0.093	0.105	0.105	0.111	0.094	0.081	0.107	1685494.0	1491167.008964
sub-season138	0.113	0.073	0.085	0.067	0.063	0.058	0.087	0.091	0.104	0.093	0.114	0.096	0.094	0.105	1653842.0	1590894.208128
sub-season139	0.104	0.086	0.089	0.083	0.053	0.063	0.087	0.077	0.102	0.106	0.113	0.092	0.105	0.071	1798038.0	1604331.700794
sub-season202	0.1	0.094	0.1	0.079	0.068	0.064	0.091	0.091	0.104	0.107	0.117	0.088	0.116	0.091	2092033.0	1916711.049653
sub-season204	0.095	0.082	0.108	0.089	0.075	0.086	0.091	0.099	0.117	0.11	0.126	0.112	0.102	0.083	1699540.0	1570270.031681
sub-season206	0.108	0.084	0.097	0.078	0.067	0.067	0.096	0.093	0.104	0.097	0.115	0.098	0.09	0.138	1468948.0	1383391.526081
sub-season207	0.093	0.084	0.086	0.085	0.063	0.074	0.088	0.087	0.096	0.097	0.113	0.099	0.082	0.099	1922918.0	1644214.533657
sub-season208	0.103	0.09	0.1	0.078	0.075	0.072	0.098	0.095	0.108	0.11	0.109	0.092	0.096	0.1	1641376.0	1503990.502993
sub-season211	0.121	0.079	0.106	0.077	0.073	0.075	0.099	0.092	0.111	0.105	0.122	0.104	0.087	0.102	1553085.0	1286875.354328
sub-season212	0.105	0.093	0.093	0.089	0.078	0.075	0.093	0.095	0.106	0.107	0.114	0.098	0.091	0.084	1572130.0	1442746.017587
sub-season213	0.096	0.075	0.092	0.075	0.069	0.068	0.083	0.087	0.101	0.096	0.115	0.094	0.082	0.067	2045996.0	1832589.980648
sub-season214	0.103	0.078	0.098	0.08	0.079	0.067	0.086	0.094	0.101	0.104	0.113	0.106	0.083	0.062	1765975.0	1545556.131925
sub-season215	0.103	0.086	0.099	0.073	0.067	0.063	0.092	0.087	0.101	0.106	0.122	0.107	0.103	0.077	2007393.0	1890353.443068
sub-season216	0.108	0.074	0.09	0.074	0.067	0.057	0.084	0.09	0.1	0.097	0.108	0.088	0.086	0.068	1686333.0	1565935.634338
sub-season217	0.102	0.083	0.082	0.074	0.066	0.06	0.089	0.093	0.102	0.104	0.117	0.093	0.109	0.085	1583567.0	1508800.304795
