lh.aparc.area	lh_bankssts_area	lh_caudalanteriorcingulate_area	lh_caudalmiddlefrontal_area	lh_cuneus_area	lh_entorhinal_area	lh_fusiform_area	lh_inferiorparietal_area	lh_inferiortemporal_area	lh_isthmuscingulate_area	lh_lateraloccipital_area	lh_lateralorbitofrontal_area	lh_lingual_area	lh_medialorbitofrontal_area	lh_middletemporal_area	lh_parahippocampal_area	lh_paracentral_area	lh_parsopercularis_area	lh_parsorbitalis_area	lh_parstriangularis_area	lh_pericalcarine_area	lh_postcentral_area	lh_posteriorcingulate_area	lh_precentral_area	lh_precuneus_area	lh_rostralanteriorcingulate_area	lh_rostralmiddlefrontal_area	lh_superiorfrontal_area	lh_superiorparietal_area	lh_superiortemporal_area	lh_supramarginal_area	lh_frontalpole_area	lh_temporalpole_area	lh_transversetemporal_area	lh_insula_area	lh_WhiteSurfArea_area	BrainSegVolNotVent	eTIV
sub-season101	870.0	449.0	2183.0	1524.0	395.0	2723.0	3294.0	2921.0	1121.0	5015.0	2540.0	3010.0	1584.0	2900.0	621.0	998.0	1666.0	724.0	1536.0	1267.0	4172.0	1051.0	4506.0	4147.0	528.0	6546.0	7313.0	5356.0	3703.0	4157.0	290.0	484.0	405.0	2514.0	82491.7	1592925.0	1412166.900513
sub-season102	1083.0	754.0	2554.0	1717.0	480.0	3346.0	4747.0	3422.0	1134.0	5591.0	2745.0	3207.0	2085.0	3422.0	641.0	1598.0	2178.0	918.0	1920.0	1498.0	4177.0	1212.0	5264.0	4415.0	775.0	6405.0	7674.0	6231.0	4568.0	4263.0	331.0	620.0	590.0	2582.0	93975.4	2019190.0	1836734.352672
sub-season103	937.0	546.0	2356.0	980.0	406.0	2345.0	3927.0	2537.0	1067.0	4049.0	2166.0	2704.0	1580.0	2681.0	540.0	1193.0	1653.0	602.0	1235.0	867.0	3644.0	1059.0	4893.0	3091.0	657.0	5415.0	7182.0	5048.0	3546.0	4427.0	283.0	566.0	416.0	2014.0	76595.9	1604558.0	1443544.19585
sub-season104	952.0	545.0	1769.0	1595.0	453.0	3125.0	4341.0	3136.0	766.0	5424.0	2315.0	2767.0	2017.0	3113.0	607.0	1136.0	1461.0	750.0	1140.0	1150.0	3567.0	860.0	4319.0	3873.0	607.0	5901.0	7176.0	5857.0	3684.0	3441.0	425.0	650.0	545.0	2154.0	81611.2	1745081.0	1582548.662703
sub-season105	1201.0	430.0	1580.0	1259.0	418.0	2882.0	4133.0	3651.0	923.0	3963.0	1984.0	2800.0	1409.0	2989.0	615.0	1257.0	1429.0	654.0	1343.0	1210.0	3604.0	831.0	4625.0	3865.0	408.0	5697.0	7577.0	6717.0	4038.0	5426.0	334.0	467.0	565.0	2442.0	82718.2	1643021.0	1563538.009266
sub-season106	922.0	619.0	2459.0	1222.0	464.0	3278.0	4585.0	2869.0	835.0	4744.0	2682.0	2732.0	1715.0	3117.0	608.0	1452.0	1608.0	692.0	1272.0	1120.0	4075.0	1347.0	4303.0	3377.0	642.0	5571.0	6699.0	5671.0	3713.0	3359.0	246.0	487.0	469.0	2278.0	81046.6	1624831.0	1482952.883913
sub-season107	1291.0	679.0	1904.0	1487.0	512.0	2678.0	4856.0	2851.0	1014.0	4421.0	2637.0	2871.0	1890.0	3006.0	607.0	1455.0	1424.0	706.0	1249.0	1479.0	4093.0	1302.0	4510.0	3458.0	815.0	5919.0	7951.0	4446.0	3868.0	3766.0	274.0	485.0	403.0	2681.0	82985.4	1762574.0	1540944.436115
sub-season108	811.0	465.0	2611.0	1341.0	470.0	2438.0	4258.0	3213.0	875.0	4954.0	2530.0	3282.0	1965.0	3093.0	563.0	1412.0	1442.0	582.0	1203.0	1420.0	3747.0	1019.0	4428.0	3108.0	503.0	5823.0	7588.0	4913.0	3338.0	2941.0	395.0	616.0	556.0	2353.0	80247.1	1608348.0	1453691.045969
sub-season109	1043.0	775.0	2834.0	1639.0	379.0	3430.0	5686.0	4219.0	1184.0	6470.0	2769.0	3320.0	2012.0	4100.0	719.0	1197.0	1939.0	854.0	1518.0	1492.0	4438.0	1467.0	5535.0	4124.0	734.0	6335.0	7880.0	5257.0	4551.0	4605.0	309.0	559.0	521.0	2504.0	96382.4	2116975.0	1949204.264928
sub-season110	1344.0	524.0	2513.0	1402.0	396.0	2848.0	4418.0	3080.0	1022.0	4570.0	2218.0	3277.0	1788.0	3007.0	613.0	1314.0	1539.0	680.0	1075.0	1533.0	3795.0	1101.0	4386.0	4682.0	785.0	5951.0	7158.0	6116.0	3658.0	4018.0	294.0	530.0	484.0	2329.0	84444.5	1728574.0	1545647.495434
sub-season111	1109.0	613.0	2345.0	1528.0	704.0	3443.0	4212.0	3559.0	1083.0	4872.0	2434.0	3245.0	1602.0	3417.0	789.0	1538.0	1590.0	748.0	1235.0	1730.0	4937.0	1194.0	5427.0	4107.0	755.0	5615.0	8012.0	5267.0	4063.0	4598.0	302.0	547.0	556.0	2597.0	89767.2	1887219.0	1820797.057342
sub-season112	1000.0	562.0	2717.0	1868.0	551.0	3486.0	4888.0	4438.0	1127.0	5606.0	2955.0	3474.0	1999.0	3928.0	728.0	1388.0	2330.0	677.0	1268.0	1559.0	5148.0	1060.0	6373.0	4440.0	957.0	6781.0	8589.0	6699.0	4797.0	4539.0	316.0	608.0	557.0	2512.0	99912.1	1986596.0	1855650.512396
sub-season114	1101.0	359.0	1691.0	1227.0	382.0	2787.0	4014.0	2773.0	837.0	4492.0	1785.0	2441.0	1547.0	2725.0	496.0	1320.0	1271.0	619.0	1096.0	916.0	3616.0	928.0	4482.0	3530.0	347.0	4456.0	7566.0	5011.0	3452.0	3592.0	395.0	576.0	502.0	2125.0	74456.3	1589934.0	1453974.037606
sub-season116	1129.0	554.0	2541.0	1583.0	422.0	3494.0	4050.0	3397.0	931.0	4985.0	2461.0	3176.0	1788.0	3542.0	593.0	1358.0	1684.0	787.0	1434.0	1503.0	4070.0	1366.0	4722.0	3919.0	704.0	6103.0	8282.0	5501.0	4440.0	4839.0	331.0	539.0	581.0	2320.0	89120.1	1864222.0	1656987.75507
sub-season117	1011.0	775.0	2263.0	1368.0	578.0	2827.0	4365.0	4843.0	919.0	5370.0	2626.0	2939.0	1611.0	3418.0	742.0	1679.0	1374.0	744.0	1388.0	1107.0	3914.0	1591.0	5653.0	4354.0	1105.0	6935.0	8358.0	5908.0	3896.0	3867.0	277.0	644.0	485.0	2641.0	91568.6	2004035.0	1887383.587011
sub-season119	990.0	491.0	1796.0	1418.0	498.0	3233.0	5436.0	3567.0	870.0	5412.0	2575.0	2367.0	2052.0	3184.0	565.0	1319.0	1449.0	651.0	1182.0	1247.0	3517.0	1026.0	4244.0	3869.0	607.0	5023.0	7259.0	5120.0	3516.0	3772.0	370.0	665.0	431.0	2320.0	82040.1	1696676.0	1569429.750095
sub-season120	934.0	532.0	2376.0	1443.0	299.0	2881.0	4188.0	3753.0	978.0	5342.0	2875.0	2481.0	1734.0	3424.0	637.0	1303.0	1446.0	869.0	1586.0	969.0	3872.0	897.0	4776.0	3642.0	843.0	6443.0	8946.0	5338.0	3810.0	3978.0	293.0	387.0	468.0	2375.0	86115.9	1847717.0	1664683.598266
sub-season121	1303.0	752.0	2258.0	1902.0	473.0	3438.0	6122.0	4092.0	1526.0	6499.0	2837.0	3692.0	1976.0	3215.0	713.0	1321.0	1634.0	875.0	1455.0	1800.0	5286.0	1291.0	6185.0	4460.0	769.0	6111.0	8442.0	6525.0	3875.0	4215.0	327.0	529.0	495.0	2744.0	99128.5	2008369.0	1897894.403667
sub-season122	1063.0	613.0	2341.0	1376.0	409.0	2636.0	4433.0	4000.0	1118.0	4809.0	2846.0	2941.0	1813.0	3342.0	675.0	1508.0	1791.0	620.0	1563.0	1281.0	4262.0	1504.0	4568.0	4691.0	996.0	6699.0	9105.0	6323.0	3978.0	4524.0	329.0	511.0	492.0	2588.0	91743.5	1880815.0	1805189.790401
sub-season123	1015.0	586.0	2619.0	1632.0	409.0	3113.0	4518.0	3804.0	1370.0	5917.0	2912.0	3582.0	2478.0	4141.0	789.0	1589.0	2308.0	813.0	1746.0	1776.0	4008.0	997.0	5420.0	4193.0	1320.0	6253.0	8253.0	5751.0	5639.0	4917.0	284.0	609.0	608.0	2620.0	97983.8	2039640.0	1849012.463256
sub-season124	1092.0	338.0	1466.0	1598.0	576.0	3170.0	5004.0	3041.0	846.0	6123.0	2527.0	2745.0	1534.0	2974.0	616.0	1176.0	1342.0	729.0	1247.0	1208.0	3633.0	926.0	4158.0	3599.0	334.0	5702.0	6584.0	5026.0	4112.0	3298.0	392.0	612.0	559.0	2314.0	80596.0	1783291.0	1690958.095541
sub-season125	1118.0	538.0	2732.0	1721.0	429.0	3308.0	5159.0	3560.0	772.0	6017.0	2428.0	3211.0	1828.0	3017.0	812.0	1507.0	1734.0	751.0	1532.0	1271.0	4225.0	1088.0	4871.0	4259.0	754.0	5855.0	7691.0	4641.0	4442.0	3487.0	294.0	550.0	490.0	2233.0	88320.1	1824819.0	1602272.803847
sub-season126	970.0	593.0	2455.0	1306.0	475.0	3006.0	4137.0	3576.0	826.0	5296.0	2601.0	3253.0	1767.0	3055.0	492.0	1446.0	1258.0	619.0	1205.0	1307.0	4171.0	1054.0	5478.0	4083.0	589.0	6219.0	7591.0	5095.0	4036.0	4451.0	362.0	614.0	496.0	2636.0	86499.9	1753096.0	1661498.478944
sub-season127	1113.0	826.0	1977.0	1602.0	475.0	3157.0	4865.0	3784.0	1118.0	5531.0	2554.0	3318.0	1606.0	3287.0	572.0	1411.0	1914.0	858.0	1610.0	1496.0	4086.0	1404.0	5040.0	3657.0	1003.0	5928.0	7613.0	5223.0	4126.0	4090.0	382.0	748.0	620.0	2794.0	89661.5	1909443.0	1783880.913517
sub-season128	989.0	722.0	1998.0	1629.0	541.0	3126.0	3766.0	3353.0	1002.0	4981.0	2585.0	3119.0	1624.0	2994.0	573.0	1326.0	1737.0	562.0	1764.0	1472.0	5324.0	975.0	4659.0	3759.0	772.0	5599.0	6284.0	5643.0	3825.0	4201.0	304.0	596.0	501.0	2730.0	85025.2	1696295.0	1630717.95911
sub-season129	1206.0	548.0	1996.0	1395.0	402.0	2734.0	4266.0	3328.0	953.0	5353.0	2572.0	2867.0	1938.0	3087.0	580.0	1383.0	1602.0	768.0	1308.0	1252.0	3930.0	1084.0	4335.0	3321.0	663.0	5235.0	7432.0	3973.0	3695.0	3649.0	323.0	624.0	480.0	2232.0	80497.5	1647904.0	1503300.398544
sub-season130	1075.0	601.0	2082.0	1491.0	559.0	3012.0	4735.0	3376.0	981.0	5043.0	2479.0	2966.0	1866.0	3339.0	578.0	1415.0	1629.0	762.0	1383.0	1449.0	3639.0	1092.0	4354.0	4019.0	512.0	5662.0	7108.0	4877.0	3868.0	3432.0	340.0	661.0	446.0	2404.0	83230.2	1757452.0	1536729.309148
sub-season131	1304.0	487.0	3171.0	1379.0	512.0	3554.0	5514.0	3976.0	1045.0	5871.0	2940.0	3290.0	2003.0	3468.0	682.0	1420.0	1916.0	728.0	1267.0	1357.0	4053.0	1058.0	5329.0	3960.0	776.0	6098.0	8060.0	4878.0	4238.0	4616.0	275.0	482.0	449.0	2486.0	92632.3	1921984.0	1770893.529474
sub-season132	823.0	424.0	2019.0	1557.0	373.0	2432.0	3581.0	2504.0	684.0	4490.0	2028.0	2648.0	1452.0	2225.0	440.0	1020.0	1474.0	485.0	1129.0	1181.0	3204.0	777.0	3890.0	3393.0	439.0	4860.0	6264.0	4906.0	3365.0	3279.0	364.0	514.0	522.0	1921.0	70661.5	1452157.0	1439867.91904
sub-season133	944.0	516.0	1948.0	1476.0	436.0	2943.0	3772.0	2369.0	977.0	4876.0	2672.0	2794.0	1646.0	2519.0	511.0	1315.0	1974.0	765.0	1501.0	1308.0	3885.0	991.0	4677.0	3925.0	581.0	5299.0	7568.0	4431.0	3682.0	3705.0	311.0	528.0	508.0	2407.0	79753.9	1700360.0	1525489.052102
sub-season134	1261.0	494.0	2500.0	1458.0	851.0	3486.0	4985.0	3813.0	1218.0	4897.0	3099.0	3163.0	1994.0	3621.0	737.0	1494.0	2383.0	948.0	1643.0	1498.0	4798.0	1110.0	5272.0	3763.0	899.0	5585.0	8288.0	5749.0	4406.0	4904.0	282.0	653.0	675.0	2610.0	94461.4	1911721.0	1823397.722049
sub-season135	1071.0	476.0	1975.0	1355.0	515.0	2877.0	4139.0	2966.0	779.0	4122.0	2722.0	2293.0	1752.0	2621.0	575.0	1307.0	1893.0	792.0	1468.0	1014.0	3684.0	874.0	4094.0	4343.0	606.0	4925.0	6074.0	5455.0	3747.0	3647.0	344.0	601.0	543.0	2337.0	77988.3	1745319.0	1610476.458085
sub-season136	945.0	388.0	1770.0	1209.0	468.0	2977.0	3949.0	3272.0	779.0	4662.0	2198.0	2179.0	1561.0	2929.0	645.0	1279.0	1501.0	632.0	1281.0	998.0	3312.0	882.0	3911.0	3558.0	548.0	4760.0	6543.0	5225.0	3275.0	3373.0	307.0	497.0	390.0	2256.0	74454.0	1513888.0	1035253.679693
sub-season137	721.0	506.0	1572.0	1634.0	354.0	3028.0	3840.0	3185.0	861.0	5266.0	2464.0	3071.0	1807.0	2754.0	550.0	1251.0	1530.0	698.0	1367.0	1500.0	3571.0	1060.0	4455.0	3750.0	597.0	4649.0	7472.0	4925.0	3591.0	3512.0	366.0	594.0	504.0	2394.0	79394.1	1685920.0	1477723.11448
sub-season138	992.0	495.0	2105.0	1333.0	375.0	2773.0	3735.0	3134.0	916.0	4477.0	2172.0	2421.0	1553.0	3019.0	596.0	1239.0	2025.0	745.0	1683.0	1016.0	3676.0	1069.0	4009.0	3666.0	461.0	4662.0	6083.0	4790.0	3847.0	3383.0	311.0	487.0	399.0	2186.0	75833.5	1628419.0	1579182.412506
sub-season139	956.0	816.0	2219.0	1296.0	559.0	2873.0	4152.0	3481.0	1032.0	4998.0	2491.0	3119.0	1867.0	2950.0	672.0	1260.0	1355.0	601.0	1295.0	1102.0	3923.0	993.0	4468.0	3785.0	860.0	5959.0	8231.0	6195.0	4051.0	6045.0	308.0	490.0	518.0	2736.0	87637.9	1786268.0	1746086.487966
sub-season202	1067.0	927.0	2930.0	1347.0	892.0	3757.0	5044.0	4185.0	1346.0	5781.0	3456.0	2882.0	1971.0	3598.0	794.0	1522.0	1876.0	875.0	1767.0	1175.0	5292.0	1452.0	5056.0	4782.0	1203.0	6701.0	8868.0	6200.0	4704.0	5350.0	289.0	521.0	605.0	2764.0	100965.0	2095322.0	1918579.22066
sub-season204	732.0	711.0	2520.0	1893.0	421.0	2757.0	3925.0	2979.0	1026.0	4586.0	2971.0	3362.0	1795.0	3048.0	654.0	1556.0	1538.0	808.0	1453.0	1493.0	4168.0	1203.0	4614.0	4862.0	768.0	5848.0	8087.0	5488.0	4003.0	5010.0	328.0	569.0	619.0	3010.0	88802.1	1719575.0	1568138.208178
sub-season206	1049.0	433.0	1603.0	1071.0	484.0	2835.0	4204.0	2985.0	761.0	3882.0	1877.0	2413.0	1677.0	2809.0	649.0	1248.0	1278.0	567.0	1039.0	1031.0	3672.0	900.0	4226.0	3191.0	423.0	4290.0	6566.0	4797.0	3409.0	3992.0	361.0	622.0	444.0	2121.0	72896.1	1487934.0	1382261.885581
sub-season207	1128.0	576.0	2224.0	1063.0	495.0	3381.0	5394.0	3286.0	1011.0	5046.0	2776.0	3126.0	1913.0	3381.0	612.0	1450.0	1617.0	674.0	1621.0	1279.0	3561.0	1311.0	4776.0	4319.0	803.0	6371.0	8097.0	6085.0	4257.0	4358.0	289.0	589.0	550.0	2455.0	89872.8	1919834.0	1640301.685756
sub-season208	888.0	498.0	1847.0	1416.0	507.0	2892.0	3330.0	2694.0	883.0	4428.0	2400.0	2685.0	1864.0	2912.0	563.0	1321.0	1484.0	678.0	1566.0	1365.0	3847.0	1245.0	4274.0	3629.0	513.0	4937.0	7483.0	4824.0	3278.0	3920.0	393.0	716.0	508.0	2242.0	78024.6	1633149.0	1505901.552608
sub-season211	694.0	358.0	2012.0	1628.0	551.0	2724.0	3412.0	2678.0	739.0	5126.0	2276.0	2529.0	1831.0	2842.0	564.0	1361.0	1483.0	599.0	1358.0	1283.0	3606.0	849.0	4572.0	3598.0	432.0	4686.0	6949.0	5728.0	3028.0	3244.0	361.0	572.0	476.0	2128.0	76272.3	1540490.0	1299692.665252
sub-season212	991.0	641.0	2117.0	1492.0	383.0	2670.0	3933.0	2952.0	933.0	4314.0	2549.0	2512.0	1723.0	2748.0	576.0	1353.0	1293.0	642.0	1170.0	1095.0	3796.0	1032.0	4607.0	3267.0	777.0	5104.0	7065.0	4777.0	3526.0	3888.0	376.0	566.0	475.0	2031.0	77373.4	1575179.0	1434554.310664
sub-season213	1052.0	734.0	2464.0	1794.0	394.0	3650.0	5362.0	4196.0	1190.0	6337.0	2738.0	3350.0	1558.0	3321.0	607.0	1542.0	2316.0	741.0	1552.0	1742.0	4287.0	1586.0	5290.0	4535.0	975.0	6779.0	8259.0	5958.0	4463.0	4488.0	277.0	468.0	565.0	2663.0	97231.7	2024520.0	1826968.556586
sub-season214	841.0	784.0	2039.0	1156.0	367.0	2931.0	4148.0	2956.0	707.0	5064.0	2570.0	2617.0	1670.0	3043.0	710.0	1694.0	1480.0	837.0	1393.0	1155.0	3921.0	931.0	4065.0	3575.0	811.0	5865.0	7514.0	5621.0	3750.0	4399.0	333.0	499.0	451.0	2784.0	82675.9	1769868.0	1559496.726243
sub-season215	1256.0	634.0	2343.0	1450.0	500.0	3376.0	4684.0	3691.0	1366.0	6126.0	2925.0	3388.0	1770.0	4183.0	570.0	1310.0	1937.0	769.0	1663.0	1490.0	4725.0	1455.0	4701.0	3462.0	717.0	7602.0	8386.0	5464.0	4570.0	5327.0	290.0	532.0	624.0	2560.0	95840.1	1993619.0	1891248.65278
sub-season216	873.0	555.0	2019.0	1365.0	450.0	2391.0	3723.0	2319.0	815.0	4312.0	2278.0	3006.0	1511.0	2444.0	576.0	1366.0	1368.0	596.0	1211.0	1082.0	3242.0	1189.0	4152.0	2744.0	641.0	4783.0	6799.0	4260.0	3385.0	2903.0	225.0	426.0	437.0	1994.0	71421.2	1682732.0	1571693.261147
sub-season217	1118.0	525.0	2092.0	1337.0	439.0	2625.0	3576.0	3007.0	740.0	4356.0	2210.0	2728.0	1922.0	2738.0	535.0	1091.0	1426.0	554.0	1169.0	1369.0	3383.0	1102.0	4336.0	3050.0	615.0	4646.0	6925.0	4281.0	3601.0	3515.0	331.0	497.0	414.0	2132.0	74312.7	1587034.0	1510038.192549
