lh.aparc.DKTatlas.thickness	lh_caudalanteriorcingulate_thickness	lh_caudalmiddlefrontal_thickness	lh_cuneus_thickness	lh_entorhinal_thickness	lh_fusiform_thickness	lh_inferiorparietal_thickness	lh_inferiortemporal_thickness	lh_isthmuscingulate_thickness	lh_lateraloccipital_thickness	lh_lateralorbitofrontal_thickness	lh_lingual_thickness	lh_medialorbitofrontal_thickness	lh_middletemporal_thickness	lh_parahippocampal_thickness	lh_paracentral_thickness	lh_parsopercularis_thickness	lh_parsorbitalis_thickness	lh_parstriangularis_thickness	lh_pericalcarine_thickness	lh_postcentral_thickness	lh_posteriorcingulate_thickness	lh_precentral_thickness	lh_precuneus_thickness	lh_rostralanteriorcingulate_thickness	lh_rostralmiddlefrontal_thickness	lh_superiorfrontal_thickness	lh_superiorparietal_thickness	lh_superiortemporal_thickness	lh_supramarginal_thickness	lh_transversetemporal_thickness	lh_insula_thickness	lh_MeanThickness_thickness	BrainSegVolNotVent	eTIV
sub-season101	2.696	2.596	2.013	3.616	2.768	2.405	2.9	2.357	2.189	2.757	2.193	2.441	2.813	2.413	2.389	2.69	2.584	2.514	1.682	2.252	2.343	2.595	2.319	2.92	2.344	2.631	2.17	2.831	2.523	2.939	3.279	2.50715	1582874.0	1388183.039176
sub-season102	2.641	2.756	2.14	3.251	2.773	2.573	2.881	2.42	2.288	2.841	2.286	2.385	2.849	2.765	2.664	2.939	2.826	2.606	1.855	2.226	2.673	2.865	2.571	2.929	2.657	2.854	2.447	2.865	2.687	2.604	3.254	2.64655	2023725.0	1855763.461063
sub-season103	2.63	2.712	2.091	3.251	2.829	2.608	2.786	2.397	2.226	2.898	2.249	2.474	2.891	3.152	2.742	2.917	2.982	2.592	2.007	2.201	2.467	2.885	2.604	3.114	2.682	2.864	2.412	2.951	2.662	2.64	3.184	2.66258	1596199.0	1453159.764317
sub-season104	2.617	2.824	2.277	3.635	2.976	2.619	2.915	2.755	2.255	2.867	2.424	2.318	2.98	3.37	2.817	2.962	3.147	2.733	1.903	2.283	2.355	2.867	2.597	2.828	2.628	3.008	2.427	3.155	2.828	2.608	3.482	2.72228	1745697.0	1579262.838206
sub-season105	3.086	2.746	1.956	3.102	2.792	2.549	2.765	2.446	2.285	2.876	2.237	2.562	2.776	2.684	2.741	2.826	3.028	2.567	1.851	2.183	2.56	2.744	2.583	3.37	2.557	2.849	2.234	2.89	2.701	2.524	3.228	2.62149	1660365.0	1570462.886453
sub-season106	2.833	2.697	1.982	3.327	2.732	2.419	2.814	2.571	2.14	2.806	2.19	2.462	2.757	2.818	2.755	2.765	2.755	2.741	1.86	2.238	2.662	2.829	2.534	2.942	2.561	2.853	2.165	2.879	2.542	2.774	3.525	2.59598	1622499.0	1484703.431897
sub-season107	2.682	2.768	2.061	3.455	2.809	2.607	3.039	2.335	2.263	2.767	2.297	2.494	2.986	3.049	2.565	3.051	3.107	2.621	1.845	2.226	2.522	2.728	2.513	2.938	2.671	2.938	2.305	3.034	2.804	2.532	3.398	2.67734	1766856.0	1546563.481325
sub-season108	2.758	2.764	2.138	3.1	2.771	2.501	2.795	2.478	2.157	2.812	2.116	2.556	2.866	3.575	2.57	2.743	2.75	2.713	1.802	2.14	2.472	2.76	2.498	3.287	2.568	2.835	2.254	2.833	2.597	2.506	3.375	2.59522	1599428.0	1442871.363481
sub-season109	2.834	2.905	2.175	3.591	2.8	2.77	3.02	2.649	2.427	2.999	2.309	2.72	3.112	2.65	2.838	3.04	3.225	2.721	1.957	2.403	2.412	3.008	2.703	2.979	2.823	3.078	2.479	3.022	2.803	2.951	3.419	2.79056	2124171.0	1962371.698302
sub-season110	3.173	2.893	2.045	3.581	2.908	2.552	2.915	2.732	2.275	3.097	2.128	2.585	2.921	2.885	2.851	2.784	2.867	2.564	1.771	2.321	2.722	2.901	2.628	3.187	2.652	3.079	2.358	3.174	2.679	2.81	3.263	2.71491	1736282.0	1528409.456225
sub-season111	2.588	2.746	2.142	3.306	2.602	2.521	2.732	2.289	2.201	2.904	2.0	2.545	2.953	3.166	2.585	2.853	2.893	2.659	1.931	2.214	2.373	2.857	2.462	2.932	2.622	2.875	2.339	2.963	2.692	2.469	3.201	2.61582	1899333.0	1847640.871226
sub-season112	2.518	2.558	1.904	3.271	2.696	2.313	2.694	2.348	2.086	2.582	1.968	2.44	2.68	3.003	2.577	2.496	2.829	2.388	1.713	2.166	2.594	2.694	2.468	2.742	2.375	2.653	2.149	2.843	2.389	2.454	3.11	2.46818	1982990.0	1847461.237093
sub-season114	3.038	2.882	2.027	3.365	3.073	2.654	2.966	2.534	2.225	2.873	2.077	2.925	3.105	2.95	2.708	3.087	2.731	2.648	1.636	2.257	2.809	2.866	2.546	3.357	2.711	2.928	2.341	3.082	2.774	2.616	3.58	2.72595	1586104.0	1454285.610994
sub-season116	2.775	2.816	1.965	3.137	2.746	2.575	2.729	2.52	2.197	2.893	1.996	2.628	2.949	2.612	2.514	2.907	3.065	2.642	1.855	2.126	2.55	2.799	2.402	3.158	2.705	2.888	2.225	2.876	2.6	2.388	3.489	2.61379	1864184.0	1661959.775933
sub-season117	2.64	2.598	2.025	3.679	2.797	2.508	3.052	2.215	2.346	2.938	2.234	2.619	2.719	3.448	2.641	2.922	2.825	2.683	1.826	2.012	2.655	2.738	2.394	2.944	2.565	2.837	2.267	3.126	2.671	2.496	3.472	2.64388	2004602.0	1877210.629987
sub-season119	2.919	2.677	2.197	3.524	2.809	2.625	2.876	2.328	2.307	2.817	2.258	2.541	2.821	2.974	2.741	2.718	2.428	2.569	2.034	2.307	2.719	2.941	2.606	3.084	2.565	2.88	2.306	2.916	2.595	2.838	3.372	2.66383	1661744.0	1543731.273115
sub-season120	2.831	2.776	2.162	3.419	2.8	2.584	2.903	2.478	2.316	2.669	2.326	2.464	2.826	2.954	2.891	2.941	2.746	2.593	1.863	2.366	2.649	2.913	2.663	3.126	2.563	2.909	2.46	3.055	2.794	2.864	3.412	2.7038	1878649.0	1671209.727034
sub-season121	2.864	2.782	2.143	3.57	2.649	2.631	2.931	2.574	2.278	2.854	2.349	2.477	3.016	3.47	2.548	2.874	3.016	2.665	1.856	2.312	2.486	2.776	2.463	2.807	2.662	2.781	2.369	3.007	2.708	2.803	3.572	2.65663	2006833.0	1902020.490605
sub-season122	2.804	2.986	2.161	3.674	2.795	2.577	2.913	2.467	2.251	2.918	2.221	2.627	2.934	2.941	2.676	3.027	2.824	2.564	1.775	2.404	2.692	2.984	2.454	2.84	2.565	2.928	2.318	2.924	2.779	2.975	3.376	2.69388	1872440.0	1794427.85881
sub-season123	2.601	2.737	2.112	3.396	2.699	2.575	2.808	2.409	2.242	2.826	2.242	2.359	2.836	2.429	2.666	2.805	2.799	2.716	1.894	2.216	2.779	2.748	2.599	2.703	2.626	2.817	2.373	2.982	2.758	2.618	3.311	2.63289	2044539.0	1853281.972512
sub-season124	3.193	2.715	2.432	3.438	2.946	2.763	3.035	2.529	2.514	2.925	2.229	2.771	3.114	3.212	2.914	2.817	3.137	2.677	1.86	2.409	2.569	2.943	2.756	3.458	2.713	3.031	2.574	3.251	2.865	2.47	3.622	2.81744	1795252.0	1681543.710064
sub-season125	2.934	2.708	2.173	3.185	2.889	2.506	3.104	2.497	2.351	2.886	2.185	2.613	2.826	2.485	2.698	2.954	3.011	2.622	1.981	2.347	3.056	2.904	2.528	3.1	2.53	2.91	2.429	3.177	2.792	2.856	3.484	2.7063	1831546.0	1612456.424967
sub-season126	2.848	2.645	2.173	3.483	2.818	2.51	2.808	2.429	2.231	2.771	2.262	2.724	2.749	2.913	2.568	2.829	2.744	2.761	1.982	2.131	2.665	2.586	2.46	2.711	2.649	2.744	2.254	2.98	2.519	2.625	3.283	2.58824	1749591.0	1659864.879575
sub-season127	2.771	2.935	2.147	3.29	2.885	2.611	2.917	2.37	2.268	2.899	2.202	2.465	3.042	3.063	2.721	2.955	3.062	2.704	1.893	2.434	2.6	2.953	2.557	2.948	2.606	2.794	2.36	2.927	2.642	2.783	3.331	2.68494	1919874.0	1781384.489153
sub-season128	2.866	2.666	2.041	3.376	2.687	2.507	2.888	2.279	2.164	2.826	2.192	2.642	2.66	3.042	2.593	2.768	2.955	2.683	1.816	2.278	2.421	2.795	2.548	2.892	2.491	2.794	2.419	2.754	2.764	2.554	3.365	2.58947	1704446.0	1646061.979673
sub-season129	2.848	2.817	2.214	3.262	2.769	2.716	2.757	2.339	2.378	2.891	2.11	2.496	3.043	3.068	2.78	2.74	2.958	2.573	2.044	2.367	2.628	2.746	2.591	3.047	2.601	2.734	2.355	2.978	2.848	2.712	3.232	2.67302	1645993.0	1508564.640623
sub-season130	2.712	2.615	2.442	3.823	2.978	2.577	2.984	2.477	2.517	3.047	2.311	2.568	3.027	2.993	2.572	2.92	3.042	2.656	1.984	2.3	2.671	2.943	2.649	3.098	2.551	2.93	2.514	3.292	2.743	3.038	3.408	2.76219	1764883.0	1539840.061463
sub-season131	2.953	2.612	1.961	3.35	2.758	2.384	2.881	2.467	2.126	2.863	2.137	2.51	2.942	2.843	2.57	2.678	2.753	2.58	1.799	2.119	2.597	2.692	2.471	2.981	2.351	2.779	2.193	3.017	2.575	2.484	3.323	2.5698	1929511.0	1780833.56615
sub-season132	2.654	2.699	2.236	3.689	2.891	2.668	3.027	2.36	2.274	2.938	2.264	2.698	2.895	2.812	2.814	2.817	3.112	2.805	1.925	2.391	2.788	2.943	2.725	2.799	2.653	2.862	2.434	3.104	2.675	2.89	3.544	2.71191	1468388.0	1437269.594262
sub-season133	2.89	2.936	2.221	3.648	2.759	2.708	2.971	2.4	2.486	2.766	2.154	2.481	3.063	2.843	2.844	2.748	2.853	2.694	1.892	2.483	2.533	2.955	2.601	2.953	2.592	2.909	2.414	3.076	2.696	2.785	3.486	2.72415	1716913.0	1527295.420286
sub-season134	2.817	2.981	2.029	3.669	2.968	2.616	2.869	2.45	2.305	2.936	2.284	2.593	2.917	3.128	2.726	2.884	3.239	2.648	1.799	2.319	2.619	2.887	2.507	2.797	2.604	2.942	2.328	3.072	2.67	2.787	3.394	2.70901	1888480.0	1790093.865658
sub-season135	3.025	2.866	2.165	3.249	2.851	2.724	2.915	2.467	2.536	2.856	2.156	2.711	2.918	3.244	2.852	2.924	3.053	2.672	2.042	2.307	2.856	2.937	2.559	2.797	2.649	3.014	2.513	3.171	2.759	2.896	3.372	2.75797	1734001.0	1611218.931581
sub-season136	2.829	2.821	1.994	3.378	2.722	2.477	2.822	2.584	2.243	2.872	1.947	2.498	2.92	3.215	2.719	2.853	3.183	2.713	1.598	2.253	2.793	2.828	2.501	2.938	2.634	2.927	2.386	3.052	2.75	2.545	3.467	2.66149	1517832.0	1055213.176187
sub-season137	2.81	2.534	2.333	3.395	2.937	2.64	2.952	2.641	2.402	2.834	2.342	2.764	2.86	3.238	2.737	2.695	2.984	2.62	2.089	2.249	2.661	2.833	2.615	3.061	2.432	2.786	2.489	2.981	2.834	2.552	3.354	2.68484	1677855.0	1473267.27748
sub-season138	2.818	3.041	2.192	3.657	2.864	2.66	3.256	2.503	2.219	2.975	2.278	2.72	3.034	3.106	2.679	2.94	3.084	2.713	1.746	2.192	2.715	2.972	2.56	3.087	2.658	3.056	2.466	3.204	2.895	2.587	3.468	2.76852	1650225.0	1583557.102839
sub-season139	2.608	2.726	2.023	3.473	2.738	2.431	2.939	2.372	2.168	2.758	2.12	2.316	2.922	2.838	2.45	2.903	2.727	2.549	1.705	2.08	2.523	2.81	2.405	2.792	2.641	2.815	2.214	2.941	2.443	2.602	3.23	2.56825	1800729.0	1603413.675221
sub-season202	2.983	2.83	1.974	3.586	2.725	2.546	2.858	2.71	2.147	2.895	2.131	2.823	2.741	3.261	2.572	3.026	3.147	2.611	1.98	2.31	2.698	2.804	2.443	2.887	2.613	2.78	2.256	3.028	2.652	2.387	3.587	2.65147	2095131.0	1924322.56479
sub-season204	2.69	2.56	1.892	3.438	2.695	2.58	2.806	2.364	2.123	2.701	2.006	2.665	2.801	2.588	2.491	2.59	2.484	2.497	1.629	2.112	2.669	2.741	2.328	2.877	2.42	2.651	2.249	2.884	2.558	2.459	3.183	2.51068	1700123.0	1563402.33921
sub-season206	2.915	2.714	2.081	3.402	2.786	2.591	2.763	2.694	2.284	2.891	2.005	2.524	2.826	2.993	2.608	2.768	2.971	2.629	1.8	2.228	2.74	2.743	2.618	3.252	2.647	2.858	2.252	2.947	2.678	2.647	3.405	2.64571	1483635.0	1381952.007729
sub-season207	2.909	2.858	1.982	3.072	2.778	2.548	2.886	2.364	2.363	2.808	2.025	2.501	3.042	3.269	2.652	3.004	2.93	2.546	1.812	2.159	2.607	2.925	2.61	2.938	2.677	2.964	2.356	3.092	2.817	3.088	3.431	2.69917	1918529.0	1635938.248445
sub-season208	2.709	2.869	2.054	3.465	2.872	2.645	2.97	2.829	2.19	2.966	2.257	2.754	3.042	3.203	2.645	2.788	2.878	2.912	1.83	2.241	2.629	2.952	2.554	3.233	2.781	3.087	2.39	3.254	2.693	3.008	3.489	2.74959	1648395.0	1510409.717743
sub-season211	3.1	2.883	2.174	3.057	2.902	2.708	2.782	2.733	2.358	2.755	2.162	2.63	2.856	3.295	2.725	2.754	2.712	2.594	1.717	2.271	2.794	2.739	2.532	3.178	2.603	2.824	2.381	2.962	2.607	2.817	3.191	2.64667	1541125.0	1318768.437228
sub-season212	2.695	2.747	2.061	3.583	2.702	2.314	2.746	2.433	2.234	2.801	2.156	2.099	2.777	2.83	2.598	2.662	2.837	2.519	1.849	2.213	2.509	2.716	2.475	3.234	2.583	2.75	2.199	2.943	2.664	2.863	3.267	2.57369	1567224.0	1437638.547011
sub-season213	2.691	2.828	2.214	3.626	2.763	2.535	2.994	2.524	2.452	2.71	2.331	2.668	2.895	2.712	2.605	2.683	2.915	2.623	2.0	2.264	2.69	2.818	2.628	2.985	2.616	2.813	2.333	3.011	2.735	2.638	3.314	2.66921	2016460.0	1828603.601019
sub-season214	2.924	3.066	2.307	3.676	2.825	2.725	3.028	2.467	2.478	3.146	2.215	2.47	3.15	2.683	2.902	3.111	3.102	2.804	1.981	2.45	2.919	3.226	2.778	2.873	2.881	3.177	2.593	3.263	2.869	3.067	3.402	2.8693	1776364.0	1560816.551946
sub-season215	2.648	2.694	2.128	3.351	2.878	2.432	2.999	2.382	2.285	2.844	2.136	2.774	3.016	2.861	2.508	2.845	2.919	2.544	1.829	2.159	2.434	2.812	2.406	2.872	2.545	2.921	2.274	2.929	2.744	2.347	3.448	2.63328	2004954.0	1897750.703816
sub-season216	2.752	2.823	2.139	3.357	2.837	2.67	2.777	2.235	2.366	2.987	2.308	2.545	3.03	3.24	2.952	2.724	2.922	2.775	2.163	2.301	2.433	2.983	2.592	3.27	2.578	2.899	2.484	3.063	2.766	2.781	3.451	2.72556	1682602.0	1572543.232359
sub-season217	2.947	2.713	2.015	3.77	2.798	2.536	2.975	2.393	2.106	2.826	2.1	2.55	2.861	2.663	2.781	2.802	2.626	2.692	1.87	2.156	2.765	2.789	2.473	3.157	2.558	2.79	2.298	3.08	2.542	2.751	3.514	2.62689	1595184.0	1512623.392129
