lh.aparc.area	lh_bankssts_area	lh_caudalanteriorcingulate_area	lh_caudalmiddlefrontal_area	lh_cuneus_area	lh_entorhinal_area	lh_fusiform_area	lh_inferiorparietal_area	lh_inferiortemporal_area	lh_isthmuscingulate_area	lh_lateraloccipital_area	lh_lateralorbitofrontal_area	lh_lingual_area	lh_medialorbitofrontal_area	lh_middletemporal_area	lh_parahippocampal_area	lh_paracentral_area	lh_parsopercularis_area	lh_parsorbitalis_area	lh_parstriangularis_area	lh_pericalcarine_area	lh_postcentral_area	lh_posteriorcingulate_area	lh_precentral_area	lh_precuneus_area	lh_rostralanteriorcingulate_area	lh_rostralmiddlefrontal_area	lh_superiorfrontal_area	lh_superiorparietal_area	lh_superiortemporal_area	lh_supramarginal_area	lh_frontalpole_area	lh_temporalpole_area	lh_transversetemporal_area	lh_insula_area	lh_WhiteSurfArea_area	BrainSegVolNotVent	eTIV
sub-season101	760.0	434.0	2071.0	1593.0	413.0	2643.0	3205.0	2836.0	795.0	5155.0	2421.0	2923.0	1876.0	2869.0	653.0	1672.0	1706.0	700.0	1625.0	1186.0	3957.0	1127.0	4358.0	3484.0	518.0	6008.0	7819.0	5165.0	3643.0	4130.0	426.0	709.0	470.0	2337.0	81583.5	1564505.0	1381338.856958
sub-season102	1030.0	772.0	2573.0	1641.0	427.0	3378.0	4831.0	3529.0	1148.0	5557.0	2938.0	3141.0	2151.0	3516.0	669.0	1554.0	2231.0	891.0	1820.0	1573.0	4127.0	1277.0	5208.0	4378.0	770.0	6455.0	7517.0	6087.0	4560.0	4259.0	296.0	564.0	606.0	2474.0	93942.5	2019594.0	1844670.123623
sub-season103	1010.0	517.0	2180.0	996.0	405.0	2391.0	3914.0	2584.0	1001.0	4183.0	2068.0	2737.0	1634.0	2634.0	534.0	1216.0	1627.0	621.0	1269.0	844.0	3691.0	1021.0	5050.0	3034.0	634.0	5225.0	7055.0	5018.0	3552.0	4389.0	279.0	543.0	423.0	2223.0	76478.9	1610298.0	1456061.200256
sub-season104	967.0	602.0	1816.0	1587.0	471.0	3125.0	4548.0	3272.0	739.0	5296.0	2455.0	2877.0	1703.0	3158.0	644.0	1141.0	1557.0	761.0	1150.0	1126.0	3583.0	983.0	4401.0	3773.0	613.0	6129.0	6961.0	6025.0	3858.0	3384.0	302.0	534.0	502.0	2514.0	82514.5	1759065.0	1579786.950392
sub-season105	1126.0	427.0	1597.0	1293.0	526.0	2970.0	4142.0	3507.0	859.0	4018.0	2177.0	2838.0	1477.0	2912.0	608.0	1304.0	1360.0	722.0	1383.0	1213.0	3625.0	860.0	4687.0	3896.0	426.0	5528.0	7478.0	6736.0	4214.0	5353.0	336.0	426.0	575.0	2492.0	83083.1	1659168.0	1562659.338937
sub-season106	971.0	650.0	2526.0	1222.0	456.0	3339.0	4652.0	2845.0	809.0	4782.0	2693.0	2798.0	1880.0	3062.0	631.0	1517.0	1685.0	682.0	1250.0	1077.0	4078.0	1326.0	4323.0	3435.0	659.0	5608.0	6750.0	5613.0	3673.0	3277.0	256.0	562.0	460.0	2001.0	81535.5	1628347.0	1491867.942883
sub-season107	1345.0	666.0	1852.0	1427.0	536.0	2722.0	4940.0	2890.0	1059.0	4744.0	2662.0	2778.0	1841.0	2999.0	633.0	1479.0	1435.0	699.0	1259.0	1350.0	4134.0	1278.0	4601.0	3512.0	916.0	5996.0	8012.0	4519.0	3849.0	3763.0	291.0	474.0	421.0	2731.0	83796.4	1782750.0	1531825.373854
sub-season108	798.0	454.0	2515.0	1327.0	490.0	2512.0	4183.0	3159.0	940.0	4992.0	2574.0	3212.0	1984.0	3041.0	575.0	1373.0	1387.0	613.0	1220.0	1371.0	3728.0	993.0	4369.0	3107.0	577.0	5717.0	7683.0	4796.0	3336.0	2939.0	438.0	657.0	550.0	2298.0	79718.5	1592943.0	1440808.605024
sub-season109	1102.0	765.0	2844.0	1613.0	383.0	3409.0	5534.0	4285.0	1192.0	6408.0	2809.0	3397.0	2111.0	4174.0	690.0	1210.0	1939.0	845.0	1512.0	1587.0	4440.0	1492.0	5637.0	4154.0	757.0	6306.0	7853.0	5278.0	4575.0	4521.0	324.0	504.0	530.0	2534.0	96708.9	2127492.0	1955159.142595
sub-season110	1352.0	517.0	2433.0	1432.0	398.0	2840.0	4439.0	3074.0	995.0	4667.0	2277.0	3264.0	1844.0	3056.0	619.0	1315.0	1495.0	680.0	1124.0	1608.0	3773.0	1084.0	4456.0	4791.0	775.0	5905.0	7255.0	6240.0	3719.0	3999.0	311.0	556.0	493.0	2040.0	84808.7	1732844.0	1526380.723924
sub-season111	1135.0	624.0	2370.0	1547.0	711.0	3372.0	4459.0	3480.0	1067.0	5000.0	2583.0	3079.0	1573.0	3442.0	784.0	1525.0	1557.0	711.0	1280.0	1787.0	5070.0	1192.0	5453.0	4193.0	680.0	5711.0	8037.0	5296.0	3987.0	4474.0	356.0	554.0	560.0	2898.0	90545.5	1899669.0	1839944.701833
sub-season112	1005.0	548.0	2778.0	1877.0	618.0	3513.0	4996.0	4362.0	1145.0	5684.0	3126.0	3568.0	2114.0	3834.0	730.0	1381.0	2198.0	697.0	1340.0	1516.0	5222.0	1055.0	6544.0	4493.0	930.0	6836.0	8783.0	6877.0	4854.0	4587.0	342.0	692.0	550.0	2566.0	101355.0	1991731.0	1866319.603862
sub-season114	1074.0	364.0	1655.0	1265.0	417.0	2762.0	3995.0	2753.0	842.0	4414.0	1950.0	2456.0	1507.0	2747.0	463.0	1309.0	1230.0	615.0	1095.0	893.0	3619.0	955.0	4518.0	3535.0	288.0	4477.0	7771.0	4997.0	3394.0	3597.0	482.0	670.0	513.0	2127.0	74747.0	1594501.0	1463036.570722
sub-season116	1102.0	595.0	2576.0	1534.0	387.0	3533.0	4100.0	3343.0	963.0	4841.0	2442.0	3124.0	1598.0	3697.0	623.0	1322.0	1657.0	723.0	1424.0	1567.0	4191.0	1264.0	4735.0	3922.0	711.0	6152.0	8255.0	5465.0	4422.0	4695.0	263.0	477.0	533.0	2677.0	88908.5	1853772.0	1647607.876188
sub-season117	960.0	708.0	2166.0	1301.0	673.0	2944.0	4399.0	4864.0	841.0	5517.0	2669.0	2906.0	2092.0	3470.0	745.0	1725.0	1461.0	783.0	1471.0	1015.0	3924.0	1518.0	5502.0	4377.0	970.0	6805.0	8675.0	5940.0	3962.0	3865.0	321.0	731.0	516.0	2314.0	92127.8	2020812.0	1881811.932601
sub-season119	983.0	529.0	1808.0	1429.0	552.0	3194.0	5283.0	3541.0	872.0	5409.0	2453.0	2343.0	1924.0	3225.0	608.0	1317.0	1418.0	614.0	1124.0	1281.0	3473.0	1045.0	4158.0	3896.0	648.0	4957.0	7386.0	5026.0	3567.0	3738.0	360.0	671.0	424.0	2440.0	81685.7	1670736.0	1562273.317563
sub-season120	939.0	522.0	2266.0	1474.0	295.0	2926.0	4221.0	3695.0	946.0	5603.0	2838.0	2475.0	1947.0	3344.0	604.0	1353.0	1554.0	829.0	1676.0	907.0	3902.0	875.0	4817.0	3637.0	797.0	6290.0	9282.0	5429.0	3823.0	3983.0	379.0	482.0	516.0	2482.0	87103.0	1868388.0	1666242.769937
sub-season121	1298.0	832.0	2233.0	1876.0	490.0	3395.0	6199.0	4248.0	1561.0	6407.0	2842.0	3677.0	1938.0	3214.0	690.0	1327.0	1644.0	850.0	1438.0	1765.0	5304.0	1308.0	6242.0	4574.0	897.0	6106.0	8546.0	6571.0	3865.0	4239.0	318.0	565.0	472.0	2730.0	99661.8	2013998.0	1888531.516722
sub-season122	1070.0	593.0	2306.0	1369.0	425.0	2631.0	4310.0	4270.0	1121.0	4903.0	2965.0	3000.0	1896.0	3458.0	689.0	1530.0	1819.0	645.0	1571.0	1281.0	4270.0	1425.0	4486.0	4685.0	969.0	6629.0	8791.0	6276.0	3983.0	4517.0	315.0	549.0	498.0	2524.0	91759.5	1875626.0	1800090.211769
sub-season123	1006.0	756.0	2590.0	1618.0	465.0	3145.0	4429.0	3895.0	1447.0	5880.0	2933.0	3638.0	2529.0	4264.0	727.0	1585.0	2361.0	814.0	1740.0	1795.0	4160.0	971.0	5535.0	4202.0	1329.0	6277.0	8176.0	5676.0	5691.0	4977.0	276.0	521.0	612.0	2734.0	98738.1	2050727.0	1859570.015429
sub-season124	1124.0	371.0	1576.0	1614.0	542.0	3218.0	4902.0	3113.0	877.0	6158.0	2500.0	2779.0	1635.0	3073.0	641.0	1140.0	1354.0	735.0	1222.0	1257.0	3578.0	966.0	4249.0	3615.0	555.0	5896.0	6685.0	5091.0	4161.0	3208.0	279.0	525.0	518.0	2227.0	81378.2	1800721.0	1690908.580525
sub-season125	1157.0	541.0	2626.0	1684.0	500.0	3360.0	5004.0	3519.0	757.0	6092.0	2405.0	3187.0	1693.0	3074.0	778.0	1553.0	1691.0	737.0	1527.0	1257.0	4205.0	1080.0	4882.0	4334.0	759.0	5747.0	7847.0	4713.0	4368.0	3529.0	334.0	625.0	512.0	2415.0	88481.3	1832870.0	1608718.911125
sub-season126	947.0	578.0	2435.0	1316.0	454.0	2966.0	4062.0	3391.0	854.0	5338.0	2621.0	3191.0	1874.0	2910.0	518.0	1445.0	1243.0	618.0	1243.0	1351.0	4210.0	1098.0	5456.0	4050.0	583.0	5854.0	7797.0	5058.0	3932.0	4420.0	359.0	711.0	495.0	2673.0	86052.2	1740868.0	1664326.550661
sub-season127	1096.0	855.0	1998.0	1603.0	494.0	3121.0	4950.0	3857.0	1136.0	5517.0	2643.0	3269.0	1574.0	3463.0	600.0	1383.0	1923.0	822.0	1676.0	1507.0	4097.0	1400.0	5104.0	3567.0	974.0	6131.0	7696.0	5206.0	4160.0	4126.0	334.0	630.0	600.0	2815.0	90325.0	1922793.0	1788638.710277
sub-season128	975.0	714.0	1986.0	1614.0	524.0	3113.0	3723.0	3295.0	996.0	5179.0	2682.0	3062.0	1870.0	3040.0	583.0	1332.0	1772.0	588.0	1764.0	1455.0	5451.0	1014.0	4718.0	3792.0	829.0	5736.0	6153.0	5655.0	3917.0	4211.0	289.0	581.0	486.0	2438.0	85532.0	1698582.0	1630272.864062
sub-season129	1192.0	562.0	2035.0	1397.0	381.0	2691.0	4285.0	3139.0	989.0	5417.0	2503.0	2882.0	1718.0	3050.0	577.0	1367.0	1599.0	778.0	1288.0	1198.0	3968.0	1120.0	4307.0	3289.0	587.0	5239.0	7337.0	3988.0	3678.0	3638.0	300.0	589.0	458.0	2604.0	80137.5	1648872.0	1500330.289239
sub-season130	1113.0	631.0	2079.0	1513.0	570.0	3047.0	4762.0	3394.0	991.0	5108.0	2526.0	2907.0	2115.0	3422.0	567.0	1341.0	1669.0	761.0	1429.0	1428.0	3642.0	1114.0	4431.0	4049.0	585.0	5564.0	7161.0	4854.0	3996.0	3448.0	343.0	677.0	442.0	2583.0	84164.9	1776542.0	1550210.219428
sub-season131	1335.0	512.0	3068.0	1321.0	532.0	3640.0	5558.0	3931.0	1016.0	5881.0	2909.0	3286.0	2236.0	3447.0	705.0	1411.0	1928.0	691.0	1277.0	1405.0	4075.0	1025.0	5369.0	3945.0	727.0	6252.0	7872.0	4863.0	4161.0	4652.0	286.0	488.0	499.0	2208.0	92346.8	1924837.0	1769658.917433
sub-season132	806.0	381.0	1956.0	1579.0	351.0	2492.0	3530.0	2561.0	653.0	4502.0	2119.0	2625.0	1490.0	2202.0	472.0	1031.0	1440.0	464.0	1145.0	1200.0	3157.0	708.0	3877.0	3426.0	441.0	4844.0	6396.0	4891.0	3349.0	3335.0	429.0	555.0	560.0	2023.0	70987.9	1468198.0	1438778.843677
sub-season133	948.0	527.0	1996.0	1484.0	437.0	2890.0	3886.0	2374.0	1029.0	4885.0	2584.0	2809.0	1573.0	2647.0	510.0	1321.0	1983.0	759.0	1526.0	1350.0	3885.0	1017.0	4714.0	3878.0	663.0	5352.0	7709.0	4431.0	3724.0	3697.0	253.0	527.0	501.0	2555.0	80416.1	1720390.0	1525111.068804
sub-season134	1255.0	477.0	2346.0	1493.0	820.0	3528.0	4882.0	3609.0	1175.0	5165.0	2983.0	3107.0	2178.0	3436.0	727.0	1469.0	2281.0	923.0	1822.0	1423.0	4718.0	1080.0	5070.0	3775.0	597.0	5543.0	8667.0	5797.0	4267.0	4774.0	418.0	791.0	720.0	2616.0	93924.4	1889041.0	1801835.406833
sub-season135	1072.0	382.0	1970.0	1310.0	556.0	2922.0	4039.0	2696.0	772.0	4222.0	2723.0	2377.0	1755.0	2509.0	553.0	1304.0	1930.0	796.0	1469.0	963.0	3661.0	798.0	4079.0	4386.0	558.0	4711.0	6307.0	5512.0	3745.0	3679.0	411.0	770.0	547.0	2386.0	77841.9	1740537.0	1616004.375605
sub-season136	950.0	379.0	1688.0	1270.0	424.0	3038.0	3912.0	3253.0	729.0	4698.0	2068.0	2293.0	1664.0	2892.0	625.0	1272.0	1466.0	616.0	1307.0	975.0	3295.0	833.0	3796.0	3653.0	529.0	4559.0	6798.0	5275.0	3132.0	3333.0	379.0	614.0	373.0	1985.0	74069.6	1508104.0	1034049.470323
sub-season137	712.0	541.0	1608.0	1664.0	353.0	2999.0	3870.0	3218.0	887.0	5196.0	2390.0	3132.0	1742.0	2794.0	602.0	1249.0	1543.0	706.0	1333.0	1494.0	3611.0	1064.0	4521.0	3669.0	588.0	4675.0	7419.0	4880.0	3646.0	3432.0	280.0	475.0	475.0	2383.0	79137.4	1685494.0	1491167.008964
sub-season138	1035.0	480.0	2172.0	1381.0	353.0	2745.0	3788.0	3258.0	889.0	4390.0	2300.0	2480.0	1571.0	3025.0	574.0	1251.0	2047.0	807.0	1686.0	1057.0	3698.0	1091.0	3989.0	3697.0	432.0	4601.0	6215.0	4869.0	3985.0	3381.0	307.0	450.0	422.0	2166.0	76583.5	1653842.0	1590894.208128
sub-season139	942.0	836.0	2254.0	1303.0	589.0	2966.0	4214.0	3419.0	1018.0	5035.0	2564.0	3167.0	2152.0	2975.0	653.0	1309.0	1387.0	593.0	1277.0	1099.0	3958.0	937.0	4448.0	3827.0	818.0	6011.0	8334.0	6102.0	3990.0	6052.0	314.0	485.0	509.0	2488.0	88007.7	1798038.0	1604331.700794
sub-season202	1051.0	760.0	2941.0	1381.0	872.0	3650.0	4981.0	4378.0	1360.0	5786.0	3416.0	2846.0	1632.0	3597.0	750.0	1515.0	1849.0	854.0	1779.0	1133.0	5099.0	1411.0	5015.0	4855.0	1160.0	6743.0	9079.0	6250.0	4699.0	5420.0	318.0	588.0	654.0	3205.0	101017.0	2092033.0	1916711.049653
sub-season204	717.0	687.0	2514.0	1797.0	425.0	2708.0	4017.0	2957.0	1064.0	4451.0	2965.0	3372.0	1708.0	2927.0	661.0	1494.0	1551.0	841.0	1446.0	1518.0	4233.0	1226.0	4614.0	4801.0	809.0	5915.0	7940.0	5494.0	4237.0	4947.0	242.0	495.0	610.0	3061.0	88288.3	1699540.0	1570270.031681
sub-season206	977.0	437.0	1606.0	1049.0	482.0	2800.0	4077.0	3034.0	772.0	3848.0	1843.0	2400.0	1581.0	2833.0	646.0	1237.0	1280.0	590.0	1026.0	1016.0	3675.0	905.0	4175.0	3205.0	349.0	4244.0	6510.0	4766.0	3372.0	3931.0	325.0	565.0	405.0	2199.0	72135.0	1468948.0	1383391.526081
sub-season207	1096.0	552.0	2298.0	1115.0	562.0	3454.0	5379.0	3412.0	1062.0	4999.0	2719.0	3100.0	1847.0	3479.0	577.0	1410.0	1593.0	604.0	1569.0	1280.0	3538.0	1312.0	4757.0	4267.0	849.0	6584.0	7951.0	6017.0	4309.0	4429.0	270.0	571.0	496.0	2660.0	90118.0	1922918.0	1644214.533657
sub-season208	882.0	536.0	1855.0	1358.0	535.0	2924.0	3271.0	2650.0	961.0	4318.0	2321.0	2704.0	1676.0	2953.0	560.0	1299.0	1507.0	691.0	1592.0	1438.0	3790.0	1272.0	4276.0	3611.0	499.0	4891.0	7391.0	4887.0	3321.0	3791.0	363.0	701.0	473.0	2426.0	77708.5	1641376.0	1503990.502993
sub-season211	688.0	368.0	2021.0	1613.0	561.0	2710.0	3420.0	2630.0	777.0	5106.0	2242.0	2591.0	2058.0	2800.0	550.0	1358.0	1498.0	602.0	1390.0	1277.0	3543.0	853.0	4446.0	3457.0	396.0	4584.0	7092.0	5777.0	3138.0	3275.0	373.0	620.0	485.0	2004.0	76294.2	1553085.0	1286875.354328
sub-season212	980.0	729.0	2177.0	1517.0	369.0	2660.0	3975.0	2914.0	946.0	4061.0	2554.0	2499.0	1694.0	2859.0	584.0	1319.0	1291.0	634.0	1116.0	1119.0	3739.0	1089.0	4651.0	3191.0	848.0	5131.0	6706.0	4773.0	3621.0	3861.0	300.0	498.0	419.0	2092.0	76838.0	1572130.0	1442746.017587
sub-season213	1082.0	721.0	2481.0	1756.0	382.0	3668.0	5329.0	4284.0	1173.0	6276.0	2804.0	3300.0	1801.0	3381.0	625.0	1575.0	2322.0	722.0	1569.0	1679.0	4263.0	1562.0	5249.0	4558.0	1043.0	6860.0	8178.0	5904.0	4453.0	4496.0	328.0	486.0	587.0	2791.0	97679.0	2045996.0	1832589.980648
sub-season214	784.0	676.0	1945.0	1221.0	414.0	3026.0	3830.0	2899.0	641.0	5275.0	2555.0	2657.0	2033.0	3032.0	723.0	1613.0	1518.0	830.0	1317.0	1139.0	3849.0	938.0	3953.0	3643.0	770.0	5649.0	7771.0	5599.0	3607.0	4337.0	419.0	580.0	482.0	2446.0	82163.8	1765975.0	1545556.131925
sub-season215	1371.0	616.0	2487.0	1498.0	548.0	3345.0	4836.0	3496.0	1373.0	6122.0	2856.0	3466.0	2475.0	4101.0	550.0	1352.0	1924.0	809.0	1700.0	1487.0	4720.0	1458.0	4717.0	3559.0	569.0	7391.0	8456.0	5459.0	4748.0	4907.0	404.0	651.0	635.0	2311.0	96387.0	2007393.0	1890353.443068
sub-season216	877.0	538.0	2020.0	1330.0	417.0	2317.0	3744.0	2358.0	788.0	4382.0	2300.0	2900.0	1482.0	2453.0	566.0	1389.0	1408.0	604.0	1217.0	1071.0	3238.0	1156.0	4252.0	2814.0	621.0	4723.0	6878.0	4264.0	3439.0	2942.0	239.0	442.0	426.0	2004.0	71590.2	1686333.0	1565935.634338
sub-season217	1218.0	485.0	2093.0	1374.0	433.0	2557.0	3624.0	3008.0	750.0	4294.0	2230.0	2679.0	1812.0	2725.0	532.0	1085.0	1416.0	548.0	1139.0	1302.0	3374.0	1127.0	4402.0	3002.0	528.0	4570.0	6883.0	4212.0	3586.0	3491.0	301.0	478.0	424.0	2119.0	73795.4	1583567.0	1508800.304795
