rh.aparc.area	rh_bankssts_area	rh_caudalanteriorcingulate_area	rh_caudalmiddlefrontal_area	rh_cuneus_area	rh_entorhinal_area	rh_fusiform_area	rh_inferiorparietal_area	rh_inferiortemporal_area	rh_isthmuscingulate_area	rh_lateraloccipital_area	rh_lateralorbitofrontal_area	rh_lingual_area	rh_medialorbitofrontal_area	rh_middletemporal_area	rh_parahippocampal_area	rh_paracentral_area	rh_parsopercularis_area	rh_parsorbitalis_area	rh_parstriangularis_area	rh_pericalcarine_area	rh_postcentral_area	rh_posteriorcingulate_area	rh_precentral_area	rh_precuneus_area	rh_rostralanteriorcingulate_area	rh_rostralmiddlefrontal_area	rh_superiorfrontal_area	rh_superiorparietal_area	rh_superiortemporal_area	rh_supramarginal_area	rh_frontalpole_area	rh_temporalpole_area	rh_transversetemporal_area	rh_insula_area	rh_WhiteSurfArea_area	BrainSegVolNotVent	eTIV
sub-season101	849.0	612.0	2217.0	1469.0	323.0	2825.0	4353.0	3035.0	779.0	5000.0	2317.0	2768.0	1885.0	3189.0	582.0	1569.0	1245.0	884.0	1582.0	1359.0	4494.0	1118.0	4382.0	3934.0	384.0	6265.0	6426.0	4705.0	3438.0	3762.0	354.0	543.0	369.0	2065.0	81073.7	1564505.0	1381338.856958
sub-season102	914.0	689.0	2469.0	1685.0	422.0	3296.0	6218.0	3292.0	986.0	5229.0	2732.0	3183.0	1951.0	3931.0	670.0	1667.0	1746.0	1091.0	1896.0	1682.0	3685.0	1302.0	4889.0	4537.0	525.0	6848.0	7805.0	6184.0	4300.0	4206.0	332.0	457.0	488.0	2750.0	94048.1	2019594.0	1844670.123623
sub-season103	806.0	693.0	2446.0	1194.0	295.0	2652.0	4900.0	2669.0	834.0	4476.0	2568.0	2319.0	1650.0	2898.0	548.0	1244.0	1426.0	737.0	1392.0	961.0	3418.0	971.0	5239.0	3364.0	397.0	4863.0	7055.0	5243.0	3106.0	3091.0	387.0	494.0	351.0	1859.0	76377.1	1610298.0	1456061.200256
sub-season104	986.0	789.0	1885.0	1727.0	429.0	2691.0	5416.0	3040.0	857.0	5333.0	2493.0	3367.0	2013.0	3515.0	571.0	1408.0	1225.0	998.0	1366.0	1243.0	3570.0	1033.0	4352.0	3792.0	621.0	5457.0	6743.0	4890.0	3529.0	3548.0	340.0	472.0	336.0	2085.0	82112.5	1759065.0	1579786.950392
sub-season105	1122.0	641.0	1617.0	1364.0	367.0	2968.0	5262.0	2926.0	590.0	4375.0	1977.0	3087.0	1601.0	3389.0	742.0	1645.0	1513.0	732.0	1292.0	1391.0	3640.0	898.0	4833.0	3839.0	557.0	5510.0	6996.0	5814.0	4372.0	4699.0	373.0	484.0	454.0	2484.0	83548.8	1659168.0	1562659.338937
sub-season106	813.0	806.0	2011.0	1374.0	420.0	2940.0	5365.0	3194.0	935.0	4170.0	2559.0	2825.0	1888.0	3245.0	534.0	1460.0	1501.0	793.0	1585.0	1220.0	3825.0	992.0	4482.0	3677.0	793.0	5747.0	6516.0	5411.0	3362.0	3528.0	311.0	584.0	339.0	1966.0	81152.9	1628347.0	1491867.942883
sub-season107	899.0	740.0	2078.0	1407.0	506.0	2822.0	5615.0	3187.0	870.0	4575.0	2825.0	3033.0	1796.0	3250.0	548.0	1553.0	1422.0	927.0	1588.0	1268.0	4146.0	1206.0	4624.0	3798.0	654.0	5872.0	7718.0	4738.0	3676.0	3873.0	330.0	484.0	315.0	2363.0	84698.9	1782750.0	1531825.373854
sub-season108	877.0	527.0	2300.0	1421.0	370.0	2512.0	5508.0	3024.0	961.0	5032.0	2345.0	3154.0	1853.0	3366.0	508.0	1410.0	1204.0	749.0	1285.0	1456.0	3498.0	1004.0	4448.0	3501.0	289.0	5638.0	7399.0	5267.0	3308.0	2666.0	562.0	629.0	338.0	2203.0	80604.8	1592943.0	1440808.605024
sub-season109	1045.0	702.0	2867.0	1918.0	334.0	3050.0	7557.0	4040.0	1060.0	5875.0	2614.0	3331.0	2215.0	5142.0	837.0	1539.0	1843.0	1025.0	2136.0	1567.0	4275.0	1212.0	5153.0	4604.0	537.0	6815.0	6994.0	5170.0	4042.0	3611.0	326.0	571.0	345.0	3076.0	97373.8	2127492.0	1955159.142595
sub-season110	907.0	742.0	2466.0	1488.0	351.0	2913.0	5516.0	2927.0	914.0	5075.0	1970.0	3144.0	1740.0	3381.0	559.0	1525.0	1308.0	760.0	1400.0	1722.0	3613.0	1221.0	4814.0	4393.0	411.0	5600.0	7483.0	5713.0	3590.0	3467.0	377.0	483.0	365.0	1996.0	84306.7	1732844.0	1526380.723924
sub-season111	1031.0	909.0	2216.0	1594.0	579.0	3316.0	5271.0	3805.0	1024.0	4507.0	2385.0	3122.0	2043.0	3675.0	615.0	1792.0	1366.0	871.0	1569.0	1720.0	4376.0	1358.0	5458.0	4614.0	605.0	5867.0	7040.0	5944.0	3690.0	3957.0	347.0	466.0	325.0	2851.0	90307.6	1899669.0	1839944.701833
sub-season112	1085.0	1011.0	3176.0	1654.0	565.0	2906.0	6652.0	4181.0	978.0	5281.0	2696.0	3724.0	1991.0	4116.0	672.0	1611.0	1548.0	1130.0	1857.0	1704.0	4916.0	1398.0	6207.0	4769.0	742.0	6638.0	7636.0	6624.0	4165.0	4411.0	407.0	684.0	439.0	2697.0	100127.0	1991731.0	1866319.603862
sub-season114	923.0	513.0	1770.0	1418.0	312.0	2606.0	5536.0	2459.0	651.0	4740.0	1921.0	2464.0	1615.0	3038.0	518.0	1465.0	1355.0	671.0	1117.0	974.0	3568.0	914.0	4923.0	3703.0	379.0	4551.0	6910.0	4964.0	3156.0	3205.0	344.0	468.0	308.0	2066.0	75467.0	1594501.0	1463036.570722
sub-season116	1020.0	453.0	2127.0	1809.0	395.0	2990.0	6275.0	2744.0	1028.0	4709.0	2386.0	3533.0	1834.0	3748.0	623.0	1386.0	1619.0	834.0	1930.0	2016.0	4288.0	1219.0	4700.0	3948.0	463.0	6283.0	8026.0	5197.0	3721.0	3404.0	346.0	478.0	332.0	2498.0	88355.1	1853772.0	1647607.876188
sub-season117	1037.0	976.0	2275.0	1391.0	579.0	3069.0	5309.0	3853.0	942.0	5390.0	2867.0	2820.0	1910.0	3403.0	660.0	2125.0	1420.0	985.0	1576.0	1244.0	4406.0	1591.0	5929.0	4024.0	798.0	6754.0	8123.0	5537.0	4343.0	4207.0	359.0	664.0	451.0	2345.0	93355.2	2020812.0	1881811.932601
sub-season119	982.0	639.0	2020.0	1492.0	485.0	2763.0	5443.0	3352.0	712.0	4892.0	2283.0	2563.0	2023.0	3459.0	592.0	1582.0	1192.0	728.0	1261.0	1343.0	3577.0	1049.0	4126.0	3626.0	388.0	5233.0	6810.0	4793.0	3580.0	3867.0	510.0	641.0	354.0	2505.0	80848.3	1670736.0	1562273.317563
sub-season120	839.0	742.0	2495.0	1491.0	414.0	3108.0	5043.0	3196.0	702.0	5171.0	2501.0	2680.0	1808.0	3050.0	756.0	1650.0	1516.0	895.0	1388.0	1214.0	3983.0	1058.0	5296.0	3629.0	616.0	7241.0	8503.0	5894.0	3780.0	3577.0	485.0	634.0	383.0	2548.0	88279.6	1868388.0	1666242.769937
sub-season121	1133.0	685.0	2354.0	2071.0	512.0	3283.0	7305.0	3348.0	1400.0	7922.0	2582.0	3855.0	2003.0	3668.0	684.0	1649.0	1163.0	1001.0	1248.0	2149.0	5017.0	1207.0	6598.0	4922.0	596.0	6425.0	8131.0	6213.0	3725.0	3579.0	304.0	503.0	410.0	2321.0	99960.7	2013998.0	1888531.516722
sub-season122	871.0	1057.0	1975.0	1678.0	402.0	3358.0	5337.0	3000.0	1054.0	4859.0	2881.0	3146.0	2237.0	3485.0	885.0	1639.0	1661.0	874.0	1547.0	1492.0	4229.0	1322.0	4844.0	4865.0	825.0	7406.0	7304.0	6401.0	3990.0	3668.0	351.0	464.0	392.0	2516.0	91972.1	1875626.0	1800090.211769
sub-season123	992.0	680.0	2354.0	1906.0	358.0	3753.0	5294.0	3380.0	1168.0	5222.0	2850.0	4036.0	2302.0	4319.0	812.0	1639.0	1928.0	1089.0	1875.0	1839.0	4272.0	1438.0	4896.0	4934.0	572.0	8024.0	8381.0	6222.0	4815.0	4072.0	385.0	586.0	473.0	2968.0	99825.3	2050727.0	1859570.015429
sub-season124	951.0	561.0	1668.0	1362.0	478.0	3144.0	6347.0	3310.0	828.0	5624.0	2749.0	2999.0	1818.0	3505.0	549.0	1602.0	1054.0	956.0	1430.0	1332.0	3705.0	859.0	4198.0	3724.0	570.0	6130.0	5951.0	5408.0	3646.0	3164.0	412.0	505.0	363.0	2122.0	83016.2	1800721.0	1690908.580525
sub-season125	889.0	641.0	2136.0	1477.0	350.0	3242.0	5651.0	3310.0	801.0	5274.0	2646.0	3413.0	2104.0	3744.0	702.0	1700.0	1387.0	786.0	1620.0	1368.0	3908.0	1133.0	4435.0	4560.0	491.0	6667.0	7013.0	5527.0	4007.0	3472.0	371.0	524.0	382.0	2170.0	87868.8	1832870.0	1608718.911125
sub-season126	1071.0	673.0	2240.0	1558.0	312.0	2719.0	5612.0	3406.0	860.0	4309.0	2574.0	3304.0	2021.0	3513.0	622.0	1634.0	1117.0	952.0	1159.0	1666.0	4348.0	1107.0	5489.0	4250.0	514.0	6409.0	6846.0	5154.0	3384.0	3643.0	397.0	547.0	325.0	2069.0	85786.9	1740868.0	1664326.550661
sub-season127	937.0	749.0	2073.0	1797.0	382.0	3061.0	5914.0	3614.0	933.0	5437.0	2639.0	3631.0	2050.0	4080.0	621.0	1585.0	1419.0	948.0	1607.0	1786.0	4325.0	1305.0	4980.0	3822.0	653.0	6669.0	7417.0	5114.0	3766.0	3170.0	424.0	524.0	369.0	2745.0	90535.2	1922793.0	1788638.710277
sub-season128	802.0	529.0	1773.0	1865.0	429.0	3031.0	5185.0	3514.0	956.0	5325.0	2667.0	3456.0	1976.0	3532.0	504.0	1510.0	1335.0	746.0	1667.0	1776.0	4373.0	855.0	5046.0	4322.0	599.0	5494.0	7421.0	5039.0	3767.0	3545.0	304.0	455.0	423.0	2206.0	86418.2	1698582.0	1630272.864062
sub-season129	967.0	663.0	1588.0	1461.0	342.0	3054.0	5382.0	3027.0	813.0	4258.0	2463.0	2859.0	1711.0	3328.0	559.0	1547.0	1421.0	732.0	1395.0	1563.0	3713.0	1165.0	4387.0	3180.0	527.0	5598.0	7155.0	4667.0	3597.0	3376.0	360.0	556.0	331.0	2396.0	80095.5	1648872.0	1500330.289239
sub-season130	993.0	895.0	1798.0	1607.0	465.0	3312.0	5794.0	3246.0	942.0	5912.0	2482.0	2888.0	1600.0	3646.0	738.0	1479.0	1356.0	1010.0	1591.0	1504.0	3368.0	1369.0	4776.0	3958.0	643.0	5566.0	6870.0	4733.0	3637.0	3047.0	346.0	555.0	303.0	2830.0	85188.2	1776542.0	1550210.219428
sub-season131	1219.0	621.0	2129.0	1556.0	656.0	3023.0	6275.0	3344.0	886.0	5121.0	3057.0	3747.0	1981.0	3751.0	705.0	1757.0	1446.0	1041.0	1821.0	1569.0	4146.0	1192.0	5180.0	3891.0	493.0	7063.0	7262.0	5412.0	3833.0	3677.0	414.0	591.0	428.0	1946.0	91026.8	1924837.0	1769658.917433
sub-season132	787.0	538.0	1775.0	1557.0	404.0	2486.0	4489.0	2324.0	665.0	3991.0	2112.0	2771.0	1390.0	2714.0	472.0	1098.0	1235.0	581.0	1343.0	1380.0	3233.0	974.0	3888.0	3830.0	457.0	4913.0	5667.0	4353.0	3120.0	3163.0	315.0	418.0	314.0	1921.0	70674.6	1468198.0	1438778.843677
sub-season133	921.0	613.0	1849.0	1539.0	440.0	2765.0	4919.0	2621.0	826.0	4168.0	2387.0	2966.0	1869.0	3063.0	578.0	1535.0	1210.0	867.0	1571.0	1570.0	3645.0	1243.0	4401.0	3837.0	535.0	6011.0	7621.0	5088.0	3531.0	3205.0	389.0	508.0	413.0	2335.0	81032.9	1720390.0	1525111.068804
sub-season134	1104.0	814.0	2992.0	1514.0	814.0	3353.0	6160.0	3599.0	1127.0	5345.0	3204.0	3396.0	1927.0	4000.0	659.0	1578.0	1809.0	883.0	1769.0	1614.0	4545.0	1240.0	5440.0	4099.0	740.0	5810.0	7319.0	5662.0	4259.0	4230.0	286.0	530.0	438.0	2447.0	94695.9	1889041.0	1801835.406833
sub-season135	710.0	485.0	1835.0	1533.0	419.0	2941.0	4524.0	3739.0	848.0	4182.0	2678.0	2685.0	1759.0	2929.0	626.0	1360.0	1544.0	826.0	1611.0	1317.0	3452.0	830.0	4096.0	4409.0	320.0	4848.0	6363.0	5628.0	3026.0	3473.0	359.0	638.0	376.0	2261.0	78620.6	1740537.0	1616004.375605
sub-season136	799.0	596.0	1801.0	1393.0	345.0	2898.0	5203.0	2909.0	712.0	5247.0	1998.0	2700.0	1471.0	3138.0	641.0	1200.0	1778.0	829.0	1544.0	1026.0	3087.0	796.0	3884.0	3528.0	468.0	4873.0	5441.0	4831.0	3066.0	3145.0	358.0	494.0	325.0	1879.0	74396.7	1508104.0	1034049.470323
sub-season137	650.0	505.0	1756.0	1812.0	358.0	2652.0	4253.0	2858.0	730.0	4715.0	2303.0	3338.0	1760.0	3108.0	544.0	1533.0	1292.0	857.0	1405.0	1681.0	3241.0	971.0	4192.0	3862.0	704.0	4834.0	7306.0	4956.0	3446.0	3332.0	281.0	494.0	366.0	2217.0	78307.4	1685494.0	1491167.008964
sub-season138	875.0	421.0	2002.0	1309.0	306.0	2574.0	4416.0	2957.0	806.0	4952.0	2287.0	2913.0	1572.0	3345.0	587.0	1232.0	1388.0	835.0	1657.0	1199.0	3638.0	965.0	4230.0	3751.0	257.0	5081.0	6985.0	4280.0	3476.0	3372.0	442.0	513.0	351.0	1931.0	76883.4	1653842.0	1590894.208128
sub-season139	1071.0	754.0	2141.0	1299.0	530.0	2952.0	6170.0	3266.0	908.0	5250.0	2561.0	3078.0	1858.0	3665.0	623.0	1238.0	1301.0	964.0	1847.0	1333.0	3982.0	1299.0	4549.0	3824.0	807.0	6574.0	7729.0	5902.0	3617.0	3639.0	373.0	482.0	394.0	2643.0	88609.8	1798038.0	1604331.700794
sub-season202	1092.0	694.0	2989.0	1557.0	868.0	3719.0	6420.0	3791.0	906.0	4958.0	3008.0	3273.0	2348.0	3801.0	611.0	1912.0	1415.0	998.0	1596.0	1591.0	4913.0	1370.0	5968.0	5420.0	608.0	6698.0	9080.0	6451.0	4684.0	4648.0	409.0	529.0	496.0	2898.0	101707.0	2092033.0	1916711.049653
sub-season204	1075.0	623.0	2353.0	1789.0	391.0	3212.0	4929.0	2872.0	974.0	5387.0	2847.0	3108.0	2023.0	3614.0	620.0	1752.0	1593.0	926.0	1731.0	1540.0	3655.0	1315.0	4443.0	4529.0	538.0	6101.0	7319.0	5484.0	3846.0	3492.0	351.0	503.0	408.0	2530.0	87771.6	1699540.0	1570270.031681
sub-season206	972.0	498.0	1374.0	1286.0	422.0	2817.0	4540.0	2696.0	742.0	4583.0	2028.0	2439.0	1407.0	3243.0	530.0	1232.0	1254.0	655.0	1475.0	1053.0	3406.0	884.0	4509.0	3171.0	409.0	3727.0	6245.0	4541.0	3092.0	4034.0	451.0	532.0	296.0	2141.0	72679.7	1468948.0	1383391.526081
sub-season207	986.0	784.0	1661.0	1437.0	475.0	3121.0	5251.0	3372.0	716.0	5115.0	2659.0	2850.0	1858.0	3854.0	515.0	1967.0	1394.0	944.0	1755.0	1195.0	4392.0	1180.0	4245.0	4329.0	541.0	6987.0	7591.0	6023.0	4449.0	4314.0	482.0	589.0	503.0	2533.0	90067.3	1922918.0	1644214.533657
sub-season208	887.0	520.0	1876.0	1407.0	428.0	2633.0	4723.0	2818.0	736.0	4281.0	2162.0	2828.0	1665.0	2940.0	459.0	1503.0	1261.0	1075.0	1661.0	1608.0	3622.0	1131.0	4273.0	3575.0	325.0	5289.0	7306.0	4775.0	3287.0	3188.0	449.0	625.0	350.0	2219.0	77880.6	1641376.0	1503990.502993
sub-season211	729.0	619.0	1804.0	1711.0	432.0	2999.0	4049.0	2559.0	722.0	4913.0	2153.0	2809.0	1828.0	2766.0	542.0	1700.0	1267.0	821.0	1691.0	1515.0	3284.0	1008.0	4375.0	3768.0	552.0	5101.0	6492.0	5284.0	3252.0	3136.0	510.0	564.0	363.0	2164.0	77476.0	1553085.0	1286875.354328
sub-season212	982.0	506.0	1854.0	1354.0	433.0	2490.0	5263.0	2898.0	904.0	4232.0	2274.0	2298.0	2142.0	3131.0	545.0	1304.0	1207.0	906.0	1500.0	1244.0	3491.0	1062.0	4312.0	3627.0	373.0	5141.0	7163.0	4856.0	3069.0	2999.0	503.0	573.0	322.0	2114.0	77065.1	1572130.0	1442746.017587
sub-season213	1204.0	965.0	3043.0	2151.0	432.0	3367.0	5792.0	3788.0	1165.0	6781.0	2891.0	3747.0	1937.0	3940.0	598.0	1639.0	2029.0	823.0	1614.0	1888.0	4217.0	1483.0	5483.0	4942.0	638.0	6612.0	7611.0	6124.0	3771.0	4552.0	366.0	574.0	399.0	2441.0	98989.8	2045996.0	1832589.980648
sub-season214	876.0	726.0	1884.0	1355.0	329.0	2787.0	4808.0	3238.0	736.0	4391.0	2261.0	2737.0	1774.0	3500.0	569.0	1541.0	1243.0	824.0	1363.0	1146.0	3647.0	1152.0	4156.0	3777.0	522.0	6174.0	7438.0	5602.0	3786.0	3557.0	396.0	482.0	356.0	2673.0	81794.7	1765975.0	1545556.131925
sub-season215	1222.0	973.0	2612.0	1794.0	563.0	3393.0	6128.0	4162.0	908.0	6364.0	2716.0	2922.0	2090.0	4810.0	650.0	1569.0	1281.0	1137.0	1942.0	1481.0	4471.0	1591.0	4973.0	4751.0	590.0	7443.0	7600.0	5684.0	3940.0	3857.0	398.0	596.0	334.0	2638.0	97372.8	2007393.0	1890353.443068
sub-season216	769.0	541.0	1755.0	1322.0	380.0	2583.0	4603.0	2364.0	800.0	4146.0	2009.0	2775.0	1776.0	3012.0	676.0	1334.0	1105.0	757.0	1303.0	1197.0	3026.0	847.0	4049.0	3229.0	402.0	5015.0	6677.0	4823.0	3146.0	2474.0	361.0	476.0	300.0	1880.0	71914.7	1686333.0	1565935.634338
sub-season217	838.0	753.0	2001.0	1361.0	335.0	2518.0	4202.0	2713.0	797.0	4346.0	2049.0	2604.0	1721.0	2933.0	544.0	1249.0	1460.0	694.0	1330.0	1387.0	3487.0	1135.0	4169.0	3419.0	601.0	5162.0	6413.0	4371.0	3363.0	3251.0	343.0	464.0	346.0	2100.0	74453.1	1583567.0	1508800.304795
