rh.aparc.DKTatlas.area	rh_caudalanteriorcingulate_area	rh_caudalmiddlefrontal_area	rh_cuneus_area	rh_entorhinal_area	rh_fusiform_area	rh_inferiorparietal_area	rh_inferiortemporal_area	rh_isthmuscingulate_area	rh_lateraloccipital_area	rh_lateralorbitofrontal_area	rh_lingual_area	rh_medialorbitofrontal_area	rh_middletemporal_area	rh_parahippocampal_area	rh_paracentral_area	rh_parsopercularis_area	rh_parsorbitalis_area	rh_parstriangularis_area	rh_pericalcarine_area	rh_postcentral_area	rh_posteriorcingulate_area	rh_precentral_area	rh_precuneus_area	rh_rostralanteriorcingulate_area	rh_rostralmiddlefrontal_area	rh_superiorfrontal_area	rh_superiorparietal_area	rh_superiortemporal_area	rh_supramarginal_area	rh_transversetemporal_area	rh_insula_area	rh_WhiteSurfArea_area	BrainSegVolNotVent	eTIV
sub-season101	668.0	2311.0	1702.0	296.0	2584.0	4349.0	3283.0	756.0	5026.0	2696.0	2735.0	1405.0	3858.0	657.0	1640.0	1415.0	694.0	1584.0	1328.0	4981.0	1140.0	4279.0	4049.0	525.0	4419.0	8585.0	3816.0	4574.0	3478.0	351.0	1909.0	81092.3	1564505.0	1381338.856958
sub-season102	796.0	2615.0	1973.0	386.0	3026.0	6233.0	3586.0	987.0	5371.0	3331.0	3139.0	1564.0	4650.0	704.0	1751.0	2000.0	874.0	1859.0	1668.0	4060.0	1363.0	4707.0	4685.0	731.0	4855.0	10091.0	5163.0	5368.0	4025.0	478.0	2062.0	94099.7	2019594.0	1844670.123623
sub-season103	777.0	2578.0	1432.0	277.0	2428.0	4894.0	2936.0	813.0	4496.0	2714.0	2279.0	1208.0	3525.0	566.0	1310.0	1557.0	630.0	1369.0	971.0	3831.0	1037.0	4896.0	3503.0	524.0	3369.0	9000.0	4429.0	4084.0	2927.0	335.0	1691.0	76385.6	1610298.0	1456061.200256
sub-season104	909.0	2035.0	2091.0	384.0	2454.0	5423.0	3279.0	829.0	5451.0	2833.0	3332.0	1525.0	4270.0	627.0	1522.0	1404.0	803.0	1364.0	1210.0	3927.0	1080.0	4103.0	3857.0	799.0	3871.0	8621.0	3994.0	4674.0	3319.0	325.0	1821.0	82137.7	1759065.0	1579786.950392
sub-season105	785.0	1722.0	1629.0	299.0	2725.0	5330.0	3251.0	620.0	4354.0	2378.0	3035.0	1300.0	4130.0	814.0	1763.0	1666.0	659.0	1268.0	1355.0	4075.0	946.0	4666.0	3928.0	709.0	3893.0	8779.0	5019.0	5633.0	4397.0	459.0	2029.0	83616.2	1659168.0	1562659.338937
sub-season106	872.0	2192.0	1701.0	384.0	2598.0	5263.0	3542.0	924.0	4202.0	2816.0	2771.0	1492.0	3919.0	581.0	1572.0	1695.0	625.0	1607.0	1188.0	4203.0	1061.0	4265.0	3755.0	951.0	4277.0	8111.0	4546.0	4446.0	3460.0	331.0	1814.0	81168.7	1628347.0	1491867.942883
sub-season107	836.0	2223.0	1644.0	438.0	2572.0	5684.0	3466.0	867.0	4592.0	2931.0	2964.0	1536.0	3985.0	614.0	1669.0	1644.0	803.0	1509.0	1263.0	4618.0	1243.0	4442.0	3910.0	888.0	4057.0	9704.0	3890.0	4812.0	3463.0	333.0	2127.0	84726.6	1782750.0	1531825.373854
sub-season108	639.0	2376.0	1698.0	317.0	2226.0	5325.0	3364.0	942.0	5079.0	2926.0	3025.0	1358.0	4134.0	565.0	1494.0	1313.0	563.0	1280.0	1437.0	3830.0	1030.0	4242.0	3645.0	525.0	3794.0	9600.0	4456.0	4548.0	2543.0	321.0	2036.0	80630.1	1592943.0	1440808.605024
sub-season109	754.0	2962.0	2364.0	304.0	2802.0	7400.0	4275.0	1066.0	5890.0	3204.0	3268.0	1654.0	6109.0	883.0	1595.0	2181.0	824.0	2099.0	1534.0	4633.0	1271.0	5012.0	4715.0	811.0	5239.0	8967.0	4098.0	5403.0	3452.0	350.0	2288.0	97404.1	2127492.0	1955159.142595
sub-season110	820.0	2499.0	1788.0	309.0	2638.0	5449.0	3274.0	894.0	5097.0	2382.0	3069.0	1214.0	4003.0	602.0	1571.0	1471.0	556.0	1457.0	1740.0	4076.0	1342.0	4592.0	4481.0	540.0	3992.0	9461.0	4832.0	4706.0	3288.0	351.0	1830.0	84321.6	1732844.0	1526380.723924
sub-season111	980.0	2286.0	1909.0	521.0	3028.0	5204.0	4123.0	1031.0	4539.0	3011.0	3074.0	1659.0	4463.0	652.0	1864.0	1606.0	714.0	1515.0	1714.0	4854.0	1451.0	5219.0	4720.0	763.0	4026.0	9325.0	5015.0	4894.0	3709.0	332.0	2140.0	90342.3	1899669.0	1839944.701833
sub-season112	1078.0	3230.0	2041.0	499.0	2597.0	6665.0	4487.0	962.0	5362.0	3152.0	3637.0	1530.0	4894.0	707.0	1685.0	1819.0	933.0	1900.0	1692.0	5431.0	1478.0	6044.0	4864.0	889.0	4773.0	9747.0	5569.0	5783.0	4118.0	436.0	2171.0	100172.0	1991731.0	1866319.603862
sub-season114	538.0	1886.0	1745.0	255.0	2446.0	5575.0	2706.0	641.0	4816.0	2287.0	2425.0	1395.0	3765.0	547.0	1558.0	1567.0	628.0	995.0	932.0	3946.0	1023.0	4565.0	3800.0	493.0	3127.0	8690.0	4040.0	4279.0	2927.0	303.0	1614.0	75512.0	1594501.0	1463036.570722
sub-season116	546.0	2195.0	2200.0	372.0	2702.0	6307.0	3027.0	999.0	4801.0	2756.0	3505.0	1429.0	4628.0	664.0	1480.0	1939.0	783.0	1911.0	1937.0	4693.0	1285.0	4450.0	4065.0	583.0	4457.0	10150.0	4155.0	4824.0	3125.0	318.0	2078.0	88363.8	1853772.0	1647607.876188
sub-season117	1079.0	2341.0	1602.0	524.0	2693.0	5185.0	4253.0	910.0	5452.0	3190.0	2787.0	1454.0	4183.0	703.0	2234.0	1615.0	894.0	1531.0	1181.0	4993.0	1722.0	5636.0	4148.0	972.0	4728.0	10407.0	4584.0	5738.0	4048.0	443.0	2137.0	93368.5	2020812.0	1881811.932601
sub-season119	685.0	2111.0	1869.0	438.0	2431.0	5367.0	3654.0	698.0	4868.0	2786.0	2539.0	1692.0	4274.0	613.0	1645.0	1358.0	628.0	1240.0	1322.0	4036.0	1113.0	4004.0	3659.0	539.0	3645.0	8781.0	4011.0	4980.0	3550.0	344.0	1994.0	80873.0	1670736.0	1562273.317563
sub-season120	801.0	2542.0	1817.0	385.0	2786.0	5082.0	3505.0	715.0	5266.0	3297.0	2598.0	1431.0	3701.0	795.0	1737.0	1669.0	677.0	1447.0	1215.0	4478.0	1111.0	5045.0	3782.0	756.0	4871.0	11270.0	4821.0	5029.0	3321.0	392.0	1945.0	88288.6	1868388.0	1666242.769937
sub-season121	741.0	2479.0	2452.0	452.0	2995.0	7302.0	3734.0	1398.0	7892.0	2988.0	3802.0	1432.0	4470.0	711.0	1737.0	1279.0	819.0	1273.0	2095.0	5550.0	1236.0	6218.0	5064.0	809.0	4586.0	10445.0	5077.0	5023.0	3404.0	404.0	2109.0	99974.6	2013998.0	1888531.516722
sub-season122	1163.0	2040.0	2029.0	367.0	3098.0	5362.0	3315.0	1024.0	4993.0	3295.0	3074.0	1684.0	4051.0	931.0	1702.0	1872.0	749.0	1552.0	1489.0	4639.0	1382.0	4744.0	4998.0	1041.0	5377.0	9574.0	5314.0	5036.0	3534.0	404.0	2162.0	91994.4	1875626.0	1800090.211769
sub-season123	765.0	2496.0	2419.0	328.0	3510.0	5301.0	3619.0	1163.0	5311.0	3405.0	3950.0	1524.0	5074.0	854.0	1726.0	2214.0	959.0	1872.0	1828.0	4707.0	1444.0	4716.0	5019.0	791.0	6165.0	10718.0	5073.0	6105.0	3887.0	461.0	2455.0	99861.6	2050727.0	1859570.015429
sub-season124	621.0	1761.0	1686.0	430.0	2874.0	6215.0	3620.0	802.0	5587.0	2978.0	2932.0	1369.0	4342.0	575.0	1699.0	1256.0	772.0	1509.0	1296.0	4118.0	921.0	3972.0	3791.0	698.0	4359.0	8080.0	4613.0	4861.0	2975.0	369.0	1960.0	83039.7	1800721.0	1690908.580525
sub-season125	693.0	2216.0	1844.0	317.0	3002.0	5603.0	3570.0	784.0	5368.0	2807.0	3348.0	1578.0	4403.0	738.0	1752.0	1634.0	666.0	1590.0	1360.0	4444.0	1179.0	4293.0	4656.0	733.0	5037.0	9053.0	4362.0	5218.0	3322.0	367.0	1954.0	87888.5	1832870.0	1608718.911125
sub-season126	705.0	2313.0	1882.0	279.0	2427.0	5514.0	3706.0	895.0	4342.0	2882.0	3249.0	1546.0	4500.0	633.0	1731.0	1253.0	799.0	1183.0	1622.0	4809.0	1147.0	5218.0	4306.0	718.0	4601.0	9151.0	4298.0	4476.0	3398.0	324.0	1887.0	85794.1	1740868.0	1664326.550661
sub-season127	804.0	2114.0	2112.0	329.0	2840.0	5828.0	3801.0	914.0	5466.0	3237.0	3569.0	1581.0	4834.0	671.0	1642.0	1574.0	799.0	1652.0	1745.0	4747.0	1380.0	4820.0	3882.0	837.0	4730.0	9762.0	4264.0	5035.0	3051.0	356.0	2175.0	90550.7	1922793.0	1788638.710277
sub-season128	577.0	1861.0	2275.0	413.0	2710.0	5230.0	3796.0	934.0	5406.0	2865.0	3371.0	1642.0	4250.0	566.0	1610.0	1576.0	673.0	1607.0	1740.0	4902.0	909.0	4746.0	4351.0	793.0	3712.0	9445.0	3964.0	4738.0	3345.0	423.0	2017.0	86446.4	1698582.0	1630272.864062
sub-season129	715.0	1671.0	1782.0	309.0	2782.0	5501.0	3282.0	804.0	4303.0	2899.0	2796.0	1332.0	4005.0	599.0	1651.0	1702.0	706.0	1316.0	1548.0	4174.0	1239.0	4181.0	3281.0	630.0	3901.0	9144.0	3782.0	4792.0	3067.0	327.0	1909.0	80131.0	1648872.0	1500330.289239
sub-season130	981.0	1892.0	1894.0	414.0	3162.0	5840.0	3520.0	924.0	5861.0	3122.0	2826.0	1211.0	4375.0	791.0	1536.0	1557.0	782.0	1593.0	1495.0	3695.0	1386.0	4582.0	4058.0	761.0	4009.0	8735.0	3884.0	4897.0	2847.0	300.0	2276.0	85205.1	1776542.0	1550210.219428
sub-season131	711.0	2284.0	1866.0	520.0	2787.0	6271.0	3637.0	881.0	5198.0	3372.0	3669.0	1504.0	4665.0	799.0	1804.0	1748.0	867.0	1760.0	1538.0	4555.0	1235.0	5017.0	4041.0	653.0	5103.0	9334.0	4511.0	5158.0	3417.0	445.0	1771.0	91120.9	1924837.0	1769658.917433
sub-season132	582.0	1868.0	1912.0	313.0	2275.0	4427.0	2553.0	644.0	4031.0	2288.0	2715.0	1121.0	3327.0	505.0	1140.0	1447.0	535.0	1275.0	1361.0	3591.0	1023.0	3730.0	3863.0	576.0	3380.0	7427.0	3587.0	4138.0	3011.0	305.0	1729.0	70678.9	1468198.0	1438778.843677
sub-season133	752.0	1877.0	1850.0	404.0	2519.0	4872.0	2937.0	830.0	4212.0	3006.0	2940.0	1472.0	3737.0	613.0	1613.0	1422.0	696.0	1630.0	1526.0	4040.0	1297.0	4262.0	3900.0	696.0	3982.0	9692.0	4241.0	4603.0	3085.0	408.0	1955.0	81068.8	1720390.0	1525111.068804
sub-season134	897.0	3037.0	1869.0	710.0	3031.0	5992.0	3972.0	1112.0	5320.0	3334.0	3335.0	1627.0	4864.0	700.0	1668.0	2124.0	715.0	1707.0	1610.0	5018.0	1279.0	5328.0	4175.0	1047.0	4256.0	9042.0	4819.0	5639.0	4013.0	429.0	2129.0	94797.6	1889041.0	1801835.406833
sub-season135	526.0	1890.0	1947.0	390.0	2645.0	4562.0	4028.0	906.0	4199.0	3043.0	2628.0	1361.0	3466.0	624.0	1430.0	1775.0	715.0	1506.0	1311.0	3880.0	863.0	3941.0	4506.0	426.0	3177.0	8339.0	4562.0	4264.0	3320.0	378.0	2031.0	78639.6	1740537.0	1616004.375605
sub-season136	643.0	1906.0	1736.0	327.0	2591.0	5133.0	3226.0	705.0	5323.0	2225.0	2610.0	1112.0	3713.0	696.0	1266.0	1983.0	710.0	1603.0	1027.0	3441.0	826.0	3749.0	3588.0	592.0	3445.0	7024.0	3973.0	4104.0	3074.0	326.0	1727.0	74404.0	1508104.0	1034049.470323
sub-season137	596.0	1887.0	2203.0	302.0	2388.0	4241.0	3179.0	746.0	4766.0	2681.0	3273.0	1338.0	3631.0	589.0	1634.0	1458.0	749.0	1375.0	1682.0	3664.0	997.0	3969.0	4001.0	964.0	3444.0	8810.0	3971.0	4395.0	3136.0	345.0	2085.0	78497.6	1685494.0	1491167.008964
sub-season138	458.0	2130.0	1600.0	273.0	2307.0	4334.0	3152.0	801.0	5002.0	2682.0	2900.0	1161.0	4031.0	622.0	1288.0	1581.0	659.0	1710.0	1152.0	4011.0	978.0	4117.0	3817.0	344.0	3630.0	8727.0	3496.0	4560.0	3262.0	350.0	1755.0	76889.4	1653842.0	1590894.208128
sub-season139	837.0	2220.0	1638.0	471.0	2666.0	6010.0	3540.0	898.0	5304.0	2901.0	3003.0	1420.0	4515.0	709.0	1324.0	1525.0	822.0	1872.0	1332.0	4389.0	1393.0	4319.0	3839.0	1065.0	4530.0	9997.0	5040.0	4856.0	3563.0	380.0	2265.0	88643.5	1798038.0	1604331.700794
sub-season202	758.0	3106.0	1914.0	738.0	3445.0	6245.0	4019.0	911.0	5070.0	3694.0	3192.0	1689.0	4757.0	678.0	1996.0	1596.0	852.0	1538.0	1598.0	5457.0	1411.0	5831.0	5552.0	811.0	4662.0	11474.0	5363.0	6157.0	4373.0	495.0	2459.0	101842.0	2092033.0	1916711.049653
sub-season204	799.0	2423.0	2137.0	366.0	2941.0	4850.0	3165.0	975.0	5479.0	2962.0	3083.0	1588.0	4392.0	663.0	1868.0	1913.0	818.0	1660.0	1499.0	4076.0	1352.0	4202.0	4668.0	747.0	4468.0	9255.0	4435.0	5019.0	3386.0	406.0	2202.0	87794.6	1699540.0	1570270.031681
sub-season206	541.0	1428.0	1502.0	358.0	2517.0	4502.0	3061.0	757.0	4596.0	2154.0	2366.0	1110.0	3962.0	558.0	1315.0	1400.0	589.0	1472.0	1030.0	3828.0	934.0	4309.0	3290.0	518.0	2480.0	7975.0	3825.0	4221.0	3812.0	292.0	2003.0	72704.9	1468948.0	1383391.526081
sub-season207	835.0	1703.0	1787.0	417.0	2811.0	5272.0	3667.0	713.0	5148.0	3176.0	2842.0	1480.0	4582.0	568.0	2054.0	1619.0	855.0	1676.0	1168.0	4925.0	1242.0	4125.0	4431.0	637.0	5059.0	9916.0	4959.0	5738.0	4040.0	485.0	2169.0	90098.0	1922918.0	1644214.533657
sub-season208	557.0	1958.0	1767.0	352.0	2337.0	4646.0	3129.0	719.0	4225.0	2840.0	2772.0	1246.0	3623.0	512.0	1579.0	1461.0	808.0	1762.0	1549.0	3974.0	1193.0	4087.0	3645.0	410.0	3742.0	9170.0	4010.0	4566.0	3109.0	323.0	1827.0	77898.4	1641376.0	1503990.502993
sub-season211	660.0	1918.0	2009.0	370.0	2673.0	4056.0	2878.0	708.0	5017.0	2635.0	2739.0	1482.0	3291.0	591.0	1766.0	1463.0	678.0	1719.0	1486.0	3701.0	1082.0	4157.0	3878.0	728.0	3587.0	8280.0	4437.0	4264.0	3020.0	365.0	1860.0	77497.6	1553085.0	1286875.354328
sub-season212	560.0	1878.0	1696.0	353.0	2259.0	5231.0	3125.0	892.0	4242.0	2800.0	2246.0	1601.0	3889.0	589.0	1358.0	1380.0	735.0	1465.0	1219.0	3833.0	1093.0	4140.0	3717.0	496.0	3774.0	9146.0	4037.0	4274.0	2892.0	304.0	1852.0	77078.9	1572130.0	1442746.017587
sub-season213	1034.0	3166.0	2567.0	374.0	3091.0	5811.0	4110.0	1162.0	6794.0	3057.0	3653.0	1517.0	4925.0	641.0	1782.0	2280.0	716.0	1552.0	1882.0	4640.0	1544.0	5238.0	4991.0	811.0	4424.0	10135.0	5160.0	4966.0	4328.0	415.0	2236.0	99002.5	2045996.0	1832589.980648
sub-season214	808.0	1986.0	1698.0	290.0	2556.0	4687.0	3493.0	734.0	4390.0	2880.0	2754.0	1438.0	4062.0	611.0	1604.0	1460.0	684.0	1298.0	1121.0	4079.0	1197.0	3931.0	3860.0	715.0	4117.0	9894.0	4714.0	5009.0	3390.0	341.0	2034.0	81834.2	1765975.0	1545556.131925
sub-season215	1054.0	2757.0	2152.0	520.0	3009.0	5973.0	4483.0	911.0	6318.0	3100.0	2880.0	1444.0	5801.0	697.0	1660.0	1505.0	1057.0	1904.0	1482.0	4880.0	1620.0	4823.0	4897.0	731.0	5365.0	10016.0	4644.0	5404.0	3764.0	335.0	2194.0	97380.6	2007393.0	1890353.443068
sub-season216	624.0	1818.0	1752.0	352.0	2368.0	4490.0	2607.0	801.0	4181.0	2315.0	2715.0	1340.0	3638.0	740.0	1410.0	1290.0	694.0	1282.0	1178.0	3375.0	907.0	3919.0	3238.0	517.0	3355.0	8556.0	3902.0	4150.0	2415.0	299.0	1723.0	71952.1	1686333.0	1565935.634338
sub-season217	822.0	2105.0	1590.0	299.0	2302.0	4052.0	2947.0	782.0	4403.0	2319.0	2546.0	1398.0	3600.0	557.0	1306.0	1579.0	536.0	1366.0	1410.0	3884.0	1177.0	3981.0	3509.0	760.0	3585.0	8264.0	3615.0	4457.0	3103.0	336.0	1871.0	74460.3	1583567.0	1508800.304795
