rh.aparc.DKTatlas.volume	rh_caudalanteriorcingulate_volume	rh_caudalmiddlefrontal_volume	rh_cuneus_volume	rh_entorhinal_volume	rh_fusiform_volume	rh_inferiorparietal_volume	rh_inferiortemporal_volume	rh_isthmuscingulate_volume	rh_lateraloccipital_volume	rh_lateralorbitofrontal_volume	rh_lingual_volume	rh_medialorbitofrontal_volume	rh_middletemporal_volume	rh_parahippocampal_volume	rh_paracentral_volume	rh_parsopercularis_volume	rh_parsorbitalis_volume	rh_parstriangularis_volume	rh_pericalcarine_volume	rh_postcentral_volume	rh_posteriorcingulate_volume	rh_precentral_volume	rh_precuneus_volume	rh_rostralanteriorcingulate_volume	rh_rostralmiddlefrontal_volume	rh_superiorfrontal_volume	rh_superiorparietal_volume	rh_superiortemporal_volume	rh_supramarginal_volume	rh_transversetemporal_volume	rh_insula_volume	BrainSegVolNotVent	eTIV
sub-season101	2291.0	6706.0	3619.0	1357.0	7837.0	10857.0	10639.0	2081.0	11662.0	8703.0	6334.0	4239.0	12770.0	2283.0	4333.0	4399.0	2228.0	4475.0	1952.0	12201.0	3217.0	12543.0	10925.0	1609.0	11697.0	27010.0	9144.0	15342.0	10291.0	1135.0	6132.0	1564505.0	1381338.856958
sub-season102	2323.0	8004.0	4935.0	1984.0	10383.0	18698.0	12764.0	2765.0	15167.0	11255.0	8049.0	5185.0	17476.0	2231.0	5433.0	6242.0	3149.0	5873.0	3146.0	10051.0	4464.0	15486.0	13872.0	2443.0	14204.0	35743.0	14220.0	18588.0	12035.0	1471.0	7298.0	2019594.0	1844670.123623
sub-season103	2827.0	8334.0	3007.0	1445.0	7909.0	14965.0	10549.0	2706.0	11467.0	9450.0	5657.0	4284.0	12360.0	1959.0	4131.0	5472.0	2477.0	4581.0	1513.0	8910.0	3088.0	14672.0	9560.0	1867.0	10370.0	30584.0	11350.0	15026.0	8963.0	1043.0	5936.0	1610298.0	1456061.200256
sub-season104	2843.0	6881.0	5562.0	2140.0	8475.0	17900.0	11515.0	2153.0	15841.0	10095.0	8652.0	4874.0	16686.0	2284.0	4763.0	5346.0	3156.0	3664.0	2047.0	9985.0	3241.0	13733.0	11014.0	2848.0	12277.0	30537.0	12165.0	18589.0	10974.0	1129.0	6450.0	1759065.0	1579786.950392
sub-season105	2888.0	5439.0	3617.0	1376.0	8851.0	16244.0	11774.0	1818.0	11904.0	8203.0	8046.0	4016.0	14247.0	2514.0	5094.0	5607.0	2359.0	3370.0	2544.0	10095.0	2903.0	14042.0	11855.0	2934.0	11262.0	30404.0	12949.0	20182.0	13761.0	1611.0	6855.0	1659168.0	1562659.338937
sub-season106	3011.0	6514.0	3750.0	1904.0	8456.0	15718.0	11767.0	3073.0	10646.0	9319.0	7148.0	4756.0	13723.0	2163.0	4972.0	5474.0	2080.0	4976.0	1892.0	10611.0	3206.0	12949.0	10575.0	3534.0	12612.0	26887.0	11994.0	15598.0	10565.0	1127.0	6352.0	1628347.0	1491867.942883
sub-season107	2656.0	7023.0	3654.0	1850.0	9185.0	16905.0	12839.0	2578.0	12021.0	9716.0	7389.0	4831.0	14232.0	2260.0	4726.0	5561.0	2885.0	4733.0	2045.0	11321.0	3709.0	13254.0	10818.0	3680.0	12384.0	32767.0	10018.0	17266.0	10502.0	1193.0	7515.0	1782750.0	1531825.373854
sub-season108	2307.0	7213.0	3280.0	1414.0	7605.0	15835.0	10678.0	2540.0	11825.0	9711.0	6653.0	4332.0	14600.0	1861.0	4155.0	4110.0	1946.0	4244.0	2595.0	9020.0	3167.0	12825.0	9720.0	1823.0	11726.0	31373.0	10546.0	16271.0	8104.0	1120.0	6765.0	1592943.0	1440808.605024
sub-season109	2624.0	10419.0	5689.0	1852.0	10272.0	25655.0	16864.0	3981.0	16372.0	11371.0	9052.0	5301.0	23509.0	2713.0	4979.0	7887.0	2986.0	7366.0	2541.0	13349.0	4438.0	16675.0	14504.0	3130.0	18280.0	34567.0	11786.0	20771.0	11729.0	1261.0	8702.0	2127492.0	1955159.142595
sub-season110	2906.0	8238.0	4036.0	1753.0	9055.0	16949.0	12181.0	3147.0	14431.0	8745.0	7253.0	4321.0	14615.0	2090.0	4629.0	5226.0	2037.0	4272.0	2854.0	10755.0	4229.0	14214.0	13604.0	2341.0	12842.0	33363.0	13144.0	17576.0	10984.0	1145.0	6891.0	1732844.0	1526380.723924
sub-season111	2871.0	6948.0	4086.0	2399.0	9997.0	16676.0	14898.0	2732.0	11980.0	9775.0	7781.0	4559.0	15788.0	2336.0	5238.0	4728.0	2515.0	4758.0	2973.0	12185.0	4193.0	16374.0	12426.0	2386.0	11784.0	30363.0	13136.0	17317.0	11288.0	1066.0	7177.0	1899669.0	1839944.701833
sub-season112	3123.0	8890.0	4412.0	2579.0	7794.0	17919.0	15071.0	2554.0	13388.0	8841.0	8095.0	4477.0	16007.0	2492.0	4568.0	5021.0	3069.0	4386.0	3030.0	12608.0	4331.0	17615.0	12579.0	2788.0	12391.0	28988.0	13024.0	17801.0	11174.0	1316.0	6892.0	1991731.0	1866319.603862
sub-season114	2243.0	6323.0	3788.0	1683.0	8712.0	19273.0	9955.0	2076.0	13152.0	8710.0	5955.0	5036.0	15414.0	1767.0	4727.0	5362.0	2590.0	2832.0	1415.0	10258.0	3548.0	14601.0	10939.0	1911.0	10263.0	31374.0	11336.0	16133.0	9660.0	1041.0	6416.0	1594501.0	1463036.570722
sub-season116	1661.0	6871.0	4626.0	1778.0	9381.0	19459.0	10174.0	3132.0	12762.0	8875.0	8769.0	4329.0	16975.0	1893.0	4059.0	5946.0	2486.0	6160.0	3179.0	11477.0	3855.0	13503.0	11510.0	2078.0	13501.0	34378.0	10909.0	16809.0	9123.0	963.0	7596.0	1853772.0	1647607.876188
sub-season117	3407.0	6687.0	3813.0	2650.0	8687.0	15099.0	16308.0	2347.0	13870.0	10379.0	7311.0	4503.0	13617.0	2796.0	6495.0	4906.0	3130.0	4597.0	2168.0	12344.0	5130.0	17603.0	11344.0	3427.0	13923.0	33625.0	12482.0	21433.0	12478.0	1407.0	7034.0	2020812.0	1881811.932601
sub-season119	2610.0	6509.0	4417.0	2368.0	8452.0	16292.0	12882.0	2065.0	14158.0	9221.0	6422.0	4936.0	15567.0	2273.0	4857.0	3975.0	2115.0	3698.0	2424.0	10379.0	3718.0	12905.0	10780.0	2008.0	11081.0	29809.0	11105.0	19795.0	11438.0	1199.0	7051.0	1670736.0	1562273.317563
sub-season120	2522.0	8024.0	4789.0	1945.0	9034.0	15739.0	12268.0	2300.0	14726.0	10833.0	7091.0	4485.0	12812.0	2543.0	5195.0	4974.0	2192.0	4893.0	2192.0	11700.0	3664.0	17087.0	11393.0	2792.0	14375.0	38628.0	13472.0	17110.0	10462.0	1502.0	6672.0	1868388.0	1666242.769937
sub-season121	2627.0	7621.0	6257.0	2560.0	9410.0	22133.0	13186.0	4367.0	22318.0	10414.0	9482.0	4855.0	16461.0	2689.0	5217.0	3752.0	3090.0	3821.0	3505.0	14092.0	3899.0	19118.0	14131.0	2814.0	14194.0	35029.0	14081.0	18052.0	11000.0	1463.0	7360.0	2013998.0	1888531.516722
sub-season122	3745.0	6778.0	4892.0	2196.0	11161.0	16892.0	12865.0	2874.0	13781.0	11945.0	7548.0	5379.0	14834.0	3034.0	4930.0	6138.0	2853.0	4499.0	2565.0	12394.0	4698.0	15368.0	14101.0	3873.0	15111.0	34168.0	14125.0	19156.0	11211.0	1435.0	7492.0	1875626.0	1800090.211769
sub-season123	1973.0	7627.0	5652.0	1665.0	11233.0	15670.0	12663.0	3144.0	14310.0	11038.0	9524.0	4636.0	18820.0	2151.0	4977.0	6803.0	3231.0	5361.0	3055.0	11625.0	3964.0	14567.0	13590.0	2471.0	18210.0	34947.0	14137.0	21787.0	12238.0	1454.0	8415.0	2050727.0	1859570.015429
sub-season124	2268.0	5444.0	4679.0	2169.0	11079.0	20689.0	13524.0	2375.0	17313.0	10479.0	8063.0	4513.0	17589.0	2403.0	5282.0	4214.0	3351.0	5020.0	2244.0	11773.0	3206.0	13112.0	11879.0	2508.0	14448.0	30297.0	13860.0	19200.0	10520.0	1242.0	7624.0	1800721.0	1690908.580525
sub-season125	2634.0	7255.0	4503.0	1993.0	10432.0	18211.0	13664.0	2500.0	16056.0	9563.0	8545.0	5559.0	16846.0	2122.0	5344.0	5917.0	2831.0	4814.0	2428.0	12600.0	3887.0	14386.0	13895.0	2479.0	15499.0	31965.0	12487.0	20660.0	10732.0	1309.0	7102.0	1832870.0	1608718.911125
sub-season126	2344.0	7332.0	4362.0	1364.0	7886.0	16745.0	13986.0	2774.0	11701.0	9791.0	9687.0	5351.0	14910.0	2255.0	5316.0	3776.0	3177.0	3264.0	2623.0	12927.0	3434.0	15500.0	12379.0	2502.0	13771.0	30136.0	10946.0	15611.0	10302.0	983.0	6771.0	1740868.0	1664326.550661
sub-season127	2962.0	7413.0	5438.0	1788.0	9912.0	19650.0	14402.0	2942.0	14849.0	10944.0	9481.0	5671.0	18017.0	2159.0	4944.0	5248.0	3193.0	5201.0	2567.0	12907.0	4377.0	16099.0	11962.0	3047.0	14749.0	34571.0	12509.0	18728.0	9628.0	1428.0	7378.0	1922793.0	1788638.710277
sub-season128	1881.0	5503.0	5245.0	1953.0	8847.0	15617.0	13643.0	2929.0	13455.0	9213.0	8598.0	4882.0	14370.0	2251.0	4551.0	5125.0	2553.0	4915.0	3215.0	13114.0	2898.0	14282.0	11539.0	2912.0	10385.0	31207.0	10337.0	14600.0	10191.0	1374.0	6971.0	1698582.0	1630272.864062
sub-season129	2316.0	5194.0	4483.0	2028.0	8807.0	17462.0	12273.0	2358.0	12394.0	9999.0	6905.0	3991.0	15635.0	1969.0	4925.0	5426.0	2342.0	4155.0	2328.0	11008.0	4034.0	13015.0	9959.0	2283.0	11881.0	31133.0	10438.0	17879.0	9845.0	1329.0	7059.0	1648872.0	1500330.289239
sub-season130	3149.0	5891.0	5222.0	2339.0	10146.0	18730.0	12328.0	2496.0	17357.0	11037.0	7761.0	4375.0	17154.0	2568.0	4955.0	5915.0	3022.0	5068.0	2499.0	10694.0	4607.0	14956.0	12712.0	2811.0	12012.0	29887.0	10678.0	18716.0	8468.0	970.0	8239.0	1776542.0	1550210.219428
sub-season131	2331.0	6619.0	4137.0	2805.0	9317.0	18450.0	13357.0	2274.0	13814.0	11203.0	9183.0	5143.0	16498.0	2672.0	5025.0	5355.0	3126.0	5122.0	2656.0	10957.0	3530.0	15043.0	11488.0	2471.0	15091.0	30220.0	10754.0	19207.0	9507.0	1446.0	6785.0	1924837.0	1769658.917433
sub-season132	2230.0	6325.0	4667.0	2026.0	7816.0	14501.0	9507.0	2099.0	10708.0	8455.0	7141.0	4035.0	13010.0	1901.0	3718.0	4937.0	1994.0	4576.0	2293.0	9954.0	3261.0	12380.0	11126.0	2074.0	10459.0	26048.0	10330.0	17241.0	9877.0	1296.0	6419.0	1468198.0	1438778.843677
sub-season133	2614.0	6273.0	4243.0	1905.0	8558.0	15768.0	10643.0	2611.0	11338.0	10152.0	7113.0	5050.0	14322.0	2060.0	5009.0	4765.0	2806.0	5316.0	2462.0	11777.0	4142.0	14602.0	11236.0	2769.0	12367.0	33952.0	12004.0	17225.0	10014.0	1389.0	6846.0	1720390.0	1525111.068804
sub-season134	3048.0	9760.0	4508.0	3641.0	9918.0	18339.0	14557.0	3227.0	16139.0	12163.0	8156.0	5462.0	17896.0	2377.0	4963.0	7119.0	2889.0	5389.0	3151.0	12814.0	3939.0	17731.0	12251.0	4425.0	13326.0	32947.0	12607.0	20645.0	12617.0	1406.0	7720.0	1889041.0	1801835.406833
sub-season135	1920.0	6805.0	5019.0	2109.0	8754.0	15297.0	15336.0	3187.0	12478.0	10580.0	7133.0	4398.0	13224.0	2248.0	4710.0	6800.0	2825.0	5185.0	2734.0	10479.0	2785.0	13070.0	13477.0	1656.0	10408.0	30539.0	14152.0	16359.0	11306.0	1378.0	6985.0	1740537.0	1616004.375605
sub-season136	2426.0	5894.0	4345.0	1863.0	8118.0	15724.0	11880.0	2118.0	13757.0	7612.0	5673.0	3459.0	13979.0	2459.0	3758.0	6398.0	2839.0	5068.0	1584.0	7919.0	2768.0	12212.0	10261.0	2404.0	11190.0	24446.0	11440.0	15400.0	10202.0	958.0	6472.0	1508104.0	1034049.470323
sub-season137	1906.0	5675.0	5415.0	1463.0	8175.0	13575.0	12620.0	2432.0	13663.0	9183.0	8592.0	4150.0	13696.0	2285.0	4920.0	5204.0	2655.0	4108.0	2761.0	9301.0	3392.0	12828.0	12165.0	3469.0	11129.0	29869.0	11784.0	16361.0	10687.0	1273.0	7569.0	1685494.0	1491167.008964
sub-season138	1565.0	7285.0	3721.0	1568.0	8195.0	13460.0	12325.0	2322.0	13850.0	10240.0	7746.0	4097.0	15841.0	2470.0	4153.0	5306.0	2330.0	5632.0	1645.0	10252.0	3234.0	13805.0	11735.0	1051.0	11718.0	32133.0	10034.0	18493.0	10867.0	1171.0	6452.0	1653842.0	1590894.208128
sub-season139	2545.0	6415.0	3562.0	2476.0	8363.0	17252.0	12241.0	2439.0	12497.0	8736.0	7529.0	4182.0	15337.0	2410.0	3792.0	4779.0	2798.0	5063.0	2194.0	10100.0	4031.0	13321.0	10428.0	3372.0	12357.0	31575.0	12375.0	17147.0	9977.0	1399.0	7446.0	1798038.0	1604331.700794
sub-season202	2760.0	9791.0	4177.0	4190.0	10899.0	19604.0	15208.0	2676.0	13037.0	13035.0	8209.0	5599.0	17094.0	2282.0	5731.0	5157.0	3321.0	4692.0	2564.0	15206.0	4488.0	18656.0	14916.0	3043.0	14213.0	38767.0	13685.0	22382.0	13691.0	1493.0	9029.0	2092033.0	1916711.049653
sub-season204	2714.0	7365.0	4652.0	1874.0	8963.0	14379.0	11012.0	2821.0	12795.0	9229.0	7020.0	4807.0	14555.0	2096.0	5127.0	5729.0	3082.0	4357.0	2116.0	9502.0	3932.0	12378.0	12089.0	2631.0	12572.0	29130.0	11293.0	17195.0	9901.0	1285.0	7470.0	1699540.0	1570270.031681
sub-season206	2100.0	4552.0	3415.0	1831.0	8655.0	14222.0	11061.0	2318.0	12350.0	7517.0	5578.0	3527.0	15258.0	2173.0	3969.0	4567.0	2203.0	4701.0	1584.0	9353.0	2931.0	13252.0	9368.0	2043.0	7730.0	27925.0	10097.0	15090.0	12454.0	849.0	6921.0	1468948.0	1383391.526081
sub-season207	2678.0	5776.0	3990.0	1997.0	9456.0	16278.0	13601.0	1915.0	13870.0	10645.0	6810.0	4649.0	16585.0	1847.0	6316.0	5261.0	3364.0	5105.0	1844.0	12463.0	4002.0	13095.0	12301.0	2581.0	15710.0	34100.0	13349.0	20705.0	12746.0	1472.0	7626.0	1922918.0	1644214.533657
sub-season208	1540.0	6370.0	4251.0	1936.0	8604.0	15596.0	12688.0	2200.0	12432.0	11073.0	7949.0	4540.0	14682.0	1697.0	4953.0	5268.0	3546.0	5793.0	2365.0	10107.0	4091.0	13483.0	10137.0	1370.0	12486.0	33686.0	11381.0	19494.0	10664.0	1226.0	6909.0	1641376.0	1503990.502993
sub-season211	2231.0	6330.0	5385.0	1640.0	9086.0	12113.0	9721.0	2017.0	14002.0	7968.0	7086.0	4646.0	11730.0	2269.0	5337.0	4740.0	2440.0	5182.0	2353.0	9944.0	3579.0	13139.0	10841.0	2632.0	11076.0	27727.0	12434.0	14895.0	9348.0	1484.0	6470.0	1553085.0	1286875.354328
sub-season212	1823.0	5681.0	3321.0	1736.0	7417.0	15561.0	11567.0	2598.0	11490.0	9182.0	5897.0	4861.0	13283.0	1975.0	4061.0	4495.0	2975.0	4028.0	1995.0	10099.0	3130.0	12776.0	10008.0	1769.0	11159.0	30621.0	10412.0	15823.0	9112.0	1012.0	6194.0	1572130.0	1442746.017587
sub-season213	3107.0	9904.0	6545.0	2155.0	10794.0	18073.0	15405.0	3556.0	21225.0	10139.0	10871.0	4773.0	19432.0	2327.0	5286.0	7193.0	2495.0	5016.0	3765.0	12147.0	4720.0	16084.0	15056.0	2862.0	13916.0	34213.0	13682.0	19227.0	13354.0	1484.0	7786.0	2045996.0	1832589.980648
sub-season214	2817.0	7002.0	4174.0	1948.0	8827.0	14685.0	13997.0	2023.0	12760.0	9572.0	7410.0	4114.0	15993.0	1883.0	5190.0	4972.0	2785.0	4051.0	1979.0	11266.0	3947.0	14172.0	11266.0	2388.0	13278.0	36188.0	14254.0	19486.0	11873.0	1417.0	7505.0	1765975.0	1545556.131925
sub-season215	3611.0	8307.0	5092.0	2278.0	10551.0	19246.0	16833.0	2597.0	19167.0	11130.0	7038.0	5262.0	21870.0	2292.0	4909.0	4997.0	3802.0	5318.0	2620.0	12688.0	5058.0	14752.0	12634.0	2824.0	15965.0	34035.0	13196.0	18681.0	11316.0	1018.0	8146.0	2007393.0	1890353.443068
sub-season216	1808.0	6054.0	4355.0	1902.0	7428.0	13964.0	9428.0	2298.0	11721.0	8061.0	6931.0	4212.0	14289.0	2379.0	4384.0	4303.0	2461.0	3815.0	2074.0	8927.0	2921.0	13079.0	9677.0	1756.0	10428.0	29306.0	11378.0	15574.0	8551.0	1007.0	6261.0	1686333.0	1565935.634338
sub-season217	2950.0	6107.0	3448.0	1709.0	8207.0	12384.0	11117.0	2234.0	10940.0	8159.0	6127.0	4449.0	13128.0	1909.0	3983.0	4973.0	1976.0	4035.0	2941.0	9912.0	3589.0	12337.0	9736.0	2676.0	10401.0	26478.0	9852.0	16909.0	9544.0	987.0	6855.0	1583567.0	1508800.304795
